# S-Bin
#bin_low_edge   amplitude       d_amplitude     phase_diff      d_phase_diff    phase           d_phase         
0.27914         17.341          0               57.037          0               57.037          0              
0.38957         17.0907         0.208858        12.7439         1.42142         69.7809         1.42142        
0.5             15.4403         0.254264        11.9746         2.17961         81.7555         2.60214        
0.535           12.3978         0.237459        27.4425         3.35662         109.198         4.24712        
0.57            11.023          0.223425        2.16245         3.24029         111.36          5.34205        
0.605           10.459          0.225356        2.20204         3.49642         113.562         6.38455        
0.64            8.72182         0.219441        23.0452         3.73859         136.608         7.39861        
0.675           8.40001         0.237017        -25.0433        2.86824         111.564         7.93513        
0.71            6.81425         0.264282        5.13298         3.32337         116.697         8.60297        
0.745           5.9994          0.240777        -17.0022        3.01022         99.6951         9.11441        
0.78            6.49143         0.217095        -16.5392        1.93069         83.156          9.31666        
0.815           5.24438         0.226904        -11.335         1.99724         71.821          9.52833        
0.85            4.83968         0.307078        -13.9594        1.49543         57.8616         9.64497        
0.8625          5.01691         0.328469        10.3641         1.64659         68.2257         9.78451        
0.875           5.63086         0.320913        -8.64942        1.81869         59.5763         9.9521         
0.8875          7.8443          0.360166        -12.7609        2.42747         46.8154         10.2439        
0.9             6.69702         0.374065        -5.55574        1.69574         41.2597         10.3833        
0.9125          7.99566         0.282152        18.9643         2.63582         60.224          10.7126        
0.925           9.56143         0.279565        -2.33132        2.15568         57.8927         10.9273        
0.9375          15.3912         0.341305        -14.1076        1.97192         43.7851         11.1038        
0.95            17.2738         0.336911        2.64221         1.70449         46.4273         11.2339        
0.9625          21.5374         0.353412        12.2884         1.60917         58.7157         11.3486        
0.975           21.6259         0.35075         11.0143         1.64471         69.73           11.4671        
0.9875          20.3594         0.319824        54.7057         2.41727         124.436         11.7191        
1               17.3378         0.286921        -17.2243        3.14045         107.211         12.1326        
1.0125          13.131          0.258988        18.378          2.06229         125.589         12.3067        
1.025           11.8218         0.257321        1.31549         1.61018         126.905         12.4115        
1.0375          10.6613         0.272587        7.77383         1.87542         134.679         12.5524        
1.05            8.36106         0.261226        -6.29979        2.08982         128.379         12.7252        
1.0625          7.19344         0.270592        12.6491         1.75365         141.028         12.8455        
1.075           6.38976         0.308693        20.8715         2.49036         161.9           13.0847        
1.0875          6.95582         0.318069        1.52412         2.06764         163.424         13.247         
1.1             4.93052         0.214504        3.34759         2.14456         166.771         13.4195        
1.14167         5.29505         0.217761        18.8023         2.01817         185.574         13.5704        
1.18333         4.57312         0.223594        -6.50448        2.12891         179.069         13.7364        
1.225           4.04825         0.211695        -0.974241       2.30259         178.095         13.928         
1.26667         4.74894         0.251136        9.99681         2.41881         188.092         14.1365        
1.30833         3.22328         0.252573        4.18588         2.77681         192.278         14.4066        
1.35            2.13192         0.294241        -5.36208        3.84061         186.915         14.9098        
1.375           3.6508          0.280891        19.711          3.85099         206.627         15.3991        
1.4             2.92432         0.269456        2.84985         4.43289         209.476         16.0244        
1.425           1.41843         0.256439        -0.220061       7.40513         209.256         17.6527        
1.45            2.73742e-06     0.222583        131.814         2.69892         341.07          17.8578        
1.475           2.2081          0.285503        107.746         12.303          448.816         21.6856        
1.5             5.30601         0.335862        5.25107         6.47809         454.067         22.6325        
1.525           5.30989         0.369339        9.48602         3.30556         463.554         22.8726        
1.55            6.36941         0.42802         12.0382         3.19472         475.592         23.0947        
1.575           6.78639         0.499813        9.45741         3.04597         485.049         23.2947        
1.6             6.02545         0.543568        -4.47172        3.38807         480.577         23.5398        
1.66502         6.8455          0.653839        -20.9393        3.75089         459.638         23.8367        

# P-Bin
#bin_low_edge   amplitude       d_amplitude     phase_diff      d_phase_diff    phase           d_phase         
0.27914         8.18631         1.45828         -119.649        10.3474         -119.649        10.3474        
0.332617        3.33281         0.719813        4.70305         12.5694         -114.946        16.2807        
0.386094        10.7085         0.205893        -51.6185        3.19403         -166.564        16.591         
0.43957         7.4234          0.838757        5.54059         2.95691         -161.024        16.8524        
0.493047        3.91345         0.473371        26.6347         4.9548          -134.389        17.5657        
0.546523        0.154044        0.294561        47.1615         20.7988         -87.2275        27.224         
0.6             1.85298         0.565257        -58.5343        20.3731         -145.762        34.0031        
0.628571        2.55353         0.489823        16.037          6.37766         -129.725        34.596         
0.657143        2.79493         0.426665        -1.9757         3.81322         -131.7          34.8055        
0.685714        4.21017         0.415142        3.00095         3.53625         -128.699        34.9847        
0.714286        6.04304         0.358929        8.6891          3.06597         -120.01         35.1188        
0.742857        6.61087         0.277314        4.45199         2.7093          -115.558        35.2231        
0.771429        6.84416         0.24583         25.2569         2.31315         -90.3014        35.299         
0.8             6.69306         0.260121        21.4433         2.19298         -68.8581        35.367         
0.828571        5.91304         0.28411         17.8346         2.23955         -51.0235        35.4379        
0.857143        6.24561         0.2511          23.2456         2.39797         -27.778         35.5189        
0.885714        4.79426         0.286329        2.84054         2.51945         -24.9374        35.6082        
0.914286        5.63648         0.333275        13.3046         2.40173         -11.6329        35.6891        
0.942857        3.61267         0.546788        -22.163         2.58054         -33.7959        35.7822        
0.971429        2.94502         0.31853         4.53805         4.01967         -29.2578        36.0073        
1               1.20753         0.199278        0.668547        9.5145          -28.5893        37.2432        
1.073           2.24592         0.260016        4.20584         8.40139         -24.3834        38.179         
1.14601         3.07535         0.271757        27.9367         4.85373         3.55329         38.4863        
1.21901         1.50835         0.240137        24.7445         6.57194         28.2978         39.0434        
1.29202         1.04678e-05     0.16951         -90.3368        14.8682         -62.039         41.7785        
1.36502         0.686428        0.374022        48.2552         16.7881         -13.7838        45.0254        
1.43803         0.347653        0.489454        -11.4348        23.5286         -25.2186        50.8024        
1.51103         2.31565         0.542179        -136.961        44.4363         -162.179        67.4942        
1.58404         2.616           0.181901        140             9.74474         -22.1791        68.1941        
1.65704         2.32811         1.58972         140             7.99812         117.821         68.6615        

# D-Bin
#bin_low_edge   amplitude       d_amplitude     phase_diff      d_phase_diff    phase           d_phase         
0.27914         3.6919e-08      0.467351        -70.8075        2.52616         -70.8075        2.52616        
0.375498        6.9836          0.300815        34.9382         1.74668         -35.8693        3.07122        
0.471855        2.2948          0.300972        -72.3791        6.07077         -108.248        6.80343        
0.568213        3.11941         0.225137        -18.8092        6.11172         -127.058        9.14548        
0.66457         2.57655         0.155777        -11.8699        2.59703         -138.927        9.50707        
0.760928        3.84475         0.134448        -5.15204        2.44622         -144.079        9.81674        
0.857285        3.29106         0.112076        11.708          1.85765         -132.372        9.99096        
0.953643        2.88346         0.0807372       28.7922         2.45089         -103.579        10.2872        
1.05            3.87913         0.151862        -6.24539        1.8528          -109.825        10.4527        
1.075           4.04616         0.126159        19.0894         3.37819         -90.7354        10.985         
1.1             4.43377         0.122576        -0.38239        2.8526          -91.1178        11.3494        
1.125           4.85679         0.14494         -9.69401        3.20246         -100.812        11.7925        
1.15            5.25755         0.148658        28.3493         1.93737         -72.4625        11.9506        
1.175           6.01632         0.168295        4.49985         2.06745         -67.9627        12.1281        
1.2             7.54855         0.192537        5.0064          2.0211          -62.9563        12.2954        
1.225           8.3269          0.213847        0.793829        2.22053         -62.1624        12.4943        
1.25            9.11405         0.228392        12.935          1.99535         -49.2274        12.6526        
1.275           9.42489         0.25377         21.2661         2.05325         -27.9614        12.8181        
1.3             9.35228         0.271167        7.41538         2.22649         -20.546         13.0101        
1.325           8.08761         0.364672        9.19721         2.36955         -11.3488        13.2241        
1.35            7.47156         0.463608        13.0592         2.95538         1.71042         13.5503        
1.375           4.96442         0.549904        29.5907         4.90612         31.3011         14.4111        
1.4             6.67536         0.592777        3.77285         5.24164         35.0739         15.3348        
1.44126         8.28409         0.775089        11.4714         5.93686         46.5454         16.4439        
1.48251         7.07833         1.13561         46.452          8.96939         92.9974         18.731         
1.52377         1.09398e-07     0.54208         -7.94524        27.8599         85.0521         33.5712        
1.56502         5.3808          2.97551         104.35          33.232          189.402         47.2376        
1.60628         10.6814         0.168002        -42.7028        26.0838         146.699         53.9607        
1.64754         9.42653         0.997384        17.2268         49.0772         163.926         72.9406        
1.68879         8.40906         8.39696         4.62347         115.538         168.549         136.635        

