0.413158   2.36629    8
0.413158   2.39544    2
0.413158   2.42459    10

0.442309   2.07478    19
0.442309   2.10393    92
0.442309   2.13308    24
0.442309   2.16223    16
0.442309   2.19138    10
0.442309   2.22053    27
0.442309   2.24968    32
0.442309   2.27883    42
0.442309   2.30798    42
0.442309   2.33714    9
0.442309   2.36629    13
0.442309   2.39544    19
0.442309   2.42459    26
0.442309   2.45374    7
0.442309   2.6578     3

0.47146    1.92902    59
0.47146    1.95817    63
0.47146    1.98732    190
0.47146    2.01647    158
0.47146    2.04562    95
0.47146    2.07478    38
0.47146    2.10393    58
0.47146    2.13308    95
0.47146    2.16223    42
0.47146    2.19138    32
0.47146    2.22053    21
0.47146    2.24968    15
0.47146    2.27883    45
0.47146    2.30798    9
0.47146    2.36629    3

0.500612   1.78326    14
0.500612   1.81241    97
0.500612   1.84157    164
0.500612   1.87072    309
0.500612   1.89987    260
0.500612   1.92902    241
0.500612   1.95817    251
0.500612   1.98732    108
0.500612   2.01647    137
0.500612   2.04562    144
0.500612   2.07478    101
0.500612   2.10393    34
0.500612   2.13308    44
0.500612   2.16223    61
0.500612   2.19138    13
0.500612   2.22053    10
0.500612   2.24968    4
0.500612   2.27883    23

0.529763   1.69581    212
0.529763   1.72496    421
0.529763   1.75411    595
0.529763   1.78326    696
0.529763   1.81241    565
0.529763   1.84157    526
0.529763   1.87072    384
0.529763   1.89987    228
0.529763   1.92902    191
0.529763   1.95817    269
0.529763   1.98732    132
0.529763   2.01647    72
0.529763   2.04562    58
0.529763   2.07478    45
0.529763   2.10393    26
0.529763   2.13308    24
0.529763   2.16223    55
0.529763   2.19138    10
0.529763   2.22053    17
0.529763   2.24968    28
0.529763   2.27883    5

0.558914   1.57921    47
0.558914   1.60836    437
0.558914   1.63751    932
0.558914   1.66666    1186
0.558914   1.69581    1185
0.558914   1.72496    855
0.558914   1.75411    928
0.558914   1.78326    525
0.558914   1.81241    457
0.558914   1.84157    320
0.558914   1.87072    224
0.558914   1.89987    214
0.558914   1.92902    155
0.558914   1.95817    93
0.558914   1.98732    67
0.558914   2.01647    45
0.558914   2.04562    30
0.558914   2.07478    74
0.558914   2.10393    11
0.558914   2.13308    20
0.558914   2.16223    27
0.558914   2.22053    1
0.558914   2.27883    3
0.558914   2.30798    9

0.588065   1.49175    170
0.588065   1.5209     877
0.588065   1.55005    1812
0.588065   1.57921    2266
0.588065   1.60836    1662
0.588065   1.63751    1242
0.588065   1.66666    988
0.588065   1.69581    857
0.588065   1.72496    480
0.588065   1.75411    524
0.588065   1.78326    472
0.588065   1.81241    347
0.588065   1.84157    144
0.588065   1.87072    161
0.588065   1.89987    81
0.588065   1.92902    96
0.588065   1.95817    123
0.588065   1.98732    42
0.588065   2.01647    42
0.588065   2.04562    36
0.588065   2.07478    17
0.588065   2.10393    17
0.588065   2.13308    8
0.588065   2.16223    6
0.588065   2.19138    2
0.588065   2.22053    2
0.588065   2.30798    2

0.617216   1.43345    781
0.617216   1.4626     2259
0.617216   1.49175    2952
0.617216   1.5209     3324
0.617216   1.55005    2393
0.617216   1.57921    1810
0.617216   1.60836    1263
0.617216   1.63751    986
0.617216   1.66666    844
0.617216   1.69581    558
0.617216   1.72496    430
0.617216   1.75411    430
0.617216   1.78326    295
0.617216   1.81241    131
0.617216   1.84157    113
0.617216   1.87072    115
0.617216   1.89987    74
0.617216   1.92902    61
0.617216   1.95817    49
0.617216   1.98732    15
0.617216   2.01647    14
0.617216   2.04562    31
0.617216   2.07478    29
0.617216   2.10393    2
0.617216   2.13308    4
0.617216   2.16223    2
0.617216   2.22053    1
0.617216   2.24968    1
0.617216   2.27883    1

0.646367   1.346      63
0.646367   1.37515    2391
0.646367   1.4043     3879
0.646367   1.43345    4119
0.646367   1.4626     3315
0.646367   1.49175    2735
0.646367   1.5209     2411
0.646367   1.55005    1429
0.646367   1.57921    1107
0.646367   1.60836    1002
0.646367   1.63751    887
0.646367   1.66666    672
0.646367   1.69581    478
0.646367   1.72496    300
0.646367   1.75411    243
0.646367   1.78326    227
0.646367   1.81241    127
0.646367   1.84157    75
0.646367   1.87072    85
0.646367   1.89987    72
0.646367   1.92902    12
0.646367   1.95817    26
0.646367   1.98732    33
0.646367   2.01647    4
0.646367   2.04562    3
0.646367   2.07478    5
0.646367   2.10393    4

0.675519   1.28769    47
0.675519   1.31684    3900
0.675519   1.346      7084
0.675519   1.37515    5965
0.675519   1.4043     4373
0.675519   1.43345    3944
0.675519   1.4626     2767
0.675519   1.49175    2082
0.675519   1.5209     1810
0.675519   1.55005    1333
0.675519   1.57921    942
0.675519   1.60836    623
0.675519   1.63751    499
0.675519   1.66666    273
0.675519   1.69581    280
0.675519   1.72496    238
0.675519   1.75411    183
0.675519   1.78326    68
0.675519   1.81241    50
0.675519   1.84157    71
0.675519   1.87072    37
0.675519   1.89987    41
0.675519   1.92902    13
0.675519   1.95817    16
0.675519   1.98732    3

0.70467    1.22939    184
0.70467    1.25854    4682
0.70467    1.28769    10527
0.70467    1.31684    8417
0.70467    1.346      6820
0.70467    1.37515    4830
0.70467    1.4043     3579
0.70467    1.43345    3218
0.70467    1.4626     1982
0.70467    1.49175    1557
0.70467    1.5209     1385
0.70467    1.55005    998
0.70467    1.57921    778
0.70467    1.60836    570
0.70467    1.63751    325
0.70467    1.66666    328
0.70467    1.69581    193
0.70467    1.72496    131
0.70467    1.75411    99
0.70467    1.78326    70
0.70467    1.81241    38
0.70467    1.84157    7
0.70467    1.87072    27
0.70467    1.89987    29
0.70467    1.92902    2
0.70467    1.95817    4
0.70467    2.04562    4
0.70467    2.16223    2
0.70467    2.22053    1
0.70467    2.24968    2
0.70467    2.27883    2
0.70467    2.30798    2

0.733821   1.20024    4515
0.733821   1.22939    13436
0.733821   1.25854    12500
0.733821   1.28769    8666
0.733821   1.31684    6481
0.733821   1.346      4829
0.733821   1.37515    3269
0.733821   1.4043     3073
0.733821   1.43345    1887
0.733821   1.4626     1622
0.733821   1.49175    1153
0.733821   1.5209     910
0.733821   1.55005    737
0.733821   1.57921    425
0.733821   1.60836    238
0.733821   1.63751    157
0.733821   1.66666    204
0.733821   1.69581    89
0.733821   1.72496    117
0.733821   1.75411    49
0.733821   1.78326    12
0.733821   1.81241    32
0.733821   1.84157    5
0.733821   1.87072    2
0.733821   1.89987    4
0.733821   1.92902    3
0.733821   2.04562    2
0.733821   2.13308    3
0.733821   2.19138    6
0.733821   2.27883    2
0.733821   2.30798    8

0.762972   1.14194    1906
0.762972   1.17109    14503
0.762972   1.20024    20442
0.762972   1.22939    13626
0.762972   1.25854    10466
0.762972   1.28769    7050
0.762972   1.31684    5387
0.762972   1.346      3395
0.762972   1.37515    2866
0.762972   1.4043     1748
0.762972   1.43345    1391
0.762972   1.4626     1078
0.762972   1.49175    792
0.762972   1.5209     591
0.762972   1.55005    410
0.762972   1.57921    302
0.762972   1.60836    225
0.762972   1.63751    132
0.762972   1.66666    117
0.762972   1.69581    56
0.762972   1.72496    8
0.762972   1.75411    5
0.762972   1.78326    13
0.762972   1.81241    27
0.762972   1.87072    1
0.762972   2.04562    7
0.762972   2.07478    3
0.762972   2.19138    3
0.762972   2.22053    1
0.762972   2.24968    2
0.762972   2.30798    1
0.762972   2.33714    3
0.762972   2.42459    6

0.792123   1.11279    10990
0.792123   1.14194    28067
0.792123   1.17109    23632
0.792123   1.20024    16293
0.792123   1.22939    10627
0.792123   1.25854    8041
0.792123   1.28769    6079
0.792123   1.31684    4566
0.792123   1.346      2731
0.792123   1.37515    2197
0.792123   1.4043     1595
0.792123   1.43345    1092
0.792123   1.4626     770
0.792123   1.49175    508
0.792123   1.5209     370
0.792123   1.55005    253
0.792123   1.57921    206
0.792123   1.60836    81
0.792123   1.63751    48
0.792123   1.66666    37
0.792123   1.69581    24
0.792123   1.72496    3
0.792123   1.75411    9
0.792123   1.78326    1
0.792123   1.81241    4
0.792123   1.87072    2
0.792123   1.92902    8
0.792123   1.95817    6
0.792123   2.01647    3
0.792123   2.04562    5
0.792123   2.07478    22
0.792123   2.10393    6
0.792123   2.13308    2
0.792123   2.16223    5
0.792123   2.19138    19
0.792123   2.30798    9
0.792123   2.33714    2
0.792123   2.48289    1

0.821275   1.05448    1263
0.821275   1.08364    32334
0.821275   1.11279    42337
0.821275   1.14194    28836
0.821275   1.17109    18778
0.821275   1.20024    11966
0.821275   1.22939    8400
0.821275   1.25854    5692
0.821275   1.28769    4547
0.821275   1.31684    2990
0.821275   1.346      2100
0.821275   1.37515    1482
0.821275   1.4043     1049
0.821275   1.43345    807
0.821275   1.4626     540
0.821275   1.49175    277
0.821275   1.5209     231
0.821275   1.55005    117
0.821275   1.57921    89
0.821275   1.60836    37
0.821275   1.63751    20
0.821275   1.66666    16
0.821275   1.69581    4
0.821275   1.72496    2
0.821275   1.84157    4
0.821275   1.87072    12
0.821275   1.89987    11
0.821275   1.92902    15
0.821275   1.98732    20
0.821275   2.01647    3
0.821275   2.04562    9
0.821275   2.07478    3
0.821275   2.10393    13
0.821275   2.13308    13
0.821275   2.16223    6
0.821275   2.22053    1
0.821275   2.24968    8
0.821275   2.27883    13
0.821275   2.30798    1
0.821275   2.33714    11
0.821275   2.36629    17
0.821275   2.42459    2

0.850426   1.02533    6063
0.850426   1.05448    56915
0.850426   1.08364    53758
0.850426   1.11279    34853
0.850426   1.14194    22359
0.850426   1.17109    14753
0.850426   1.20024    9810
0.850426   1.22939    6785
0.850426   1.25854    4565
0.850426   1.28769    3182
0.850426   1.31684    2197
0.850426   1.346      1478
0.850426   1.37515    869
0.850426   1.4043     607
0.850426   1.43345    447
0.850426   1.4626     359
0.850426   1.49175    227
0.850426   1.5209     139
0.850426   1.55005    54
0.850426   1.57921    25
0.850426   1.60836    14
0.850426   1.63751    6
0.850426   1.66666    4
0.850426   1.75411    2
0.850426   1.81241    8
0.850426   1.84157    11
0.850426   1.87072    14
0.850426   1.89987    31
0.850426   1.92902    41
0.850426   1.95817    17
0.850426   1.98732    15
0.850426   2.01647    21
0.850426   2.04562    18
0.850426   2.07478    35
0.850426   2.10393    13
0.850426   2.13308    6
0.850426   2.19138    31
0.850426   2.22053    12
0.850426   2.24968    30
0.850426   2.27883    4
0.850426   2.30798    1
0.850426   2.33714    12
0.850426   2.36629    1
0.850426   2.39544    12
0.850426   2.45374    7

0.879577   0.996182   12387
0.879577   1.02533    76335
0.879577   1.05448    62115
0.879577   1.08364    39033
0.879577   1.11279    26148
0.879577   1.14194    17213
0.879577   1.17109    12124
0.879577   1.20024    7807
0.879577   1.22939    4713
0.879577   1.25854    2897
0.879577   1.28769    2216
0.879577   1.31684    1533
0.879577   1.346      1119
0.879577   1.37515    706
0.879577   1.4043     445
0.879577   1.43345    313
0.879577   1.4626     197
0.879577   1.49175    83
0.879577   1.5209     43
0.879577   1.55005    12
0.879577   1.57921    5
0.879577   1.63751    1
0.879577   1.66666    5
0.879577   1.69581    7
0.879577   1.72496    8
0.879577   1.75411    5
0.879577   1.78326    10
0.879577   1.81241    8
0.879577   1.84157    24
0.879577   1.87072    24
0.879577   1.89987    26
0.879577   1.92902    28
0.879577   1.95817    33
0.879577   1.98732    43
0.879577   2.01647    26
0.879577   2.04562    13
0.879577   2.07478    14
0.879577   2.10393    34
0.879577   2.13308    2
0.879577   2.16223    19
0.879577   2.19138    2
0.879577   2.22053    22
0.879577   2.24968    1
0.879577   2.27883    7
0.879577   2.33714    1
0.879577   2.36629    8
0.879577   2.45374    8

0.908728   0.96703    16119
0.908728   0.996182   78016
0.908728   1.02533    67292
0.908728   1.05448    48579
0.908728   1.08364    34493
0.908728   1.11279    21230
0.908728   1.14194    13469
0.908728   1.17109    7905
0.908728   1.20024    5348
0.908728   1.22939    3248
0.908728   1.25854    2194
0.908728   1.28769    1392
0.908728   1.31684    1044
0.908728   1.346      690
0.908728   1.37515    441
0.908728   1.4043     129
0.908728   1.43345    101
0.908728   1.4626     53
0.908728   1.49175    31
0.908728   1.5209     1
0.908728   1.57921    6
0.908728   1.60836    2
0.908728   1.63751    6
0.908728   1.66666    29
0.908728   1.69581    32
0.908728   1.72496    20
0.908728   1.75411    31
0.908728   1.78326    39
0.908728   1.81241    27
0.908728   1.84157    15
0.908728   1.87072    63
0.908728   1.89987    29
0.908728   1.92902    32
0.908728   1.95817    95
0.908728   1.98732    52
0.908728   2.01647    10
0.908728   2.04562    27
0.908728   2.07478    45
0.908728   2.10393    27
0.908728   2.13308    4
0.908728   2.16223    1
0.908728   2.19138    26
0.908728   2.22053    1
0.908728   2.24968    1
0.908728   2.30798    8
0.908728   2.33714    13

0.937879   0.937879   14123
0.937879   0.96703    62951
0.937879   0.996182   66341
0.937879   1.02533    53236
0.937879   1.05448    39772
0.937879   1.08364    25913
0.937879   1.11279    15490
0.937879   1.14194    9871
0.937879   1.17109    6480
0.937879   1.20024    3748
0.937879   1.22939    2297
0.937879   1.25854    1550
0.937879   1.28769    873
0.937879   1.31684    565
0.937879   1.346      285
0.937879   1.37515    136
0.937879   1.4043     50
0.937879   1.43345    35
0.937879   1.4626     8
0.937879   1.5209     5
0.937879   1.55005    12
0.937879   1.57921    14
0.937879   1.60836    48
0.937879   1.63751    39
0.937879   1.66666    46
0.937879   1.69581    39
0.937879   1.72496    60
0.937879   1.75411    60
0.937879   1.78326    44
0.937879   1.81241    49
0.937879   1.84157    73
0.937879   1.87072    86
0.937879   1.89987    39
0.937879   1.92902    47
0.937879   1.95817    41
0.937879   1.98732    6
0.937879   2.01647    25
0.937879   2.04562    26
0.937879   2.07478    32
0.937879   2.10393    1
0.937879   2.13308    14
0.937879   2.16223    23
0.937879   2.19138    17
0.937879   2.22053    25
0.937879   2.24968    6
0.937879   2.27883    24
0.937879   2.30798    5
0.937879   2.33714    6

0.96703    0.908728   8401
0.96703    0.937879   47923
0.96703    0.96703    54957
0.96703    0.996182   51653
0.96703    1.02533    43751
0.96703    1.05448    29532
0.96703    1.08364    18992
0.96703    1.11279    11253
0.96703    1.14194    7240
0.96703    1.17109    4232
0.96703    1.20024    2636
0.96703    1.22939    1510
0.96703    1.25854    876
0.96703    1.28769    435
0.96703    1.31684    251
0.96703    1.346      105
0.96703    1.37515    78
0.96703    1.4043     14
0.96703    1.49175    1
0.96703    1.5209     29
0.96703    1.55005    52
0.96703    1.57921    49
0.96703    1.60836    74
0.96703    1.63751    84
0.96703    1.66666    63
0.96703    1.69581    100
0.96703    1.72496    82
0.96703    1.75411    100
0.96703    1.78326    60
0.96703    1.81241    70
0.96703    1.84157    54
0.96703    1.87072    25
0.96703    1.89987    65
0.96703    1.92902    38
0.96703    1.95817    51
0.96703    1.98732    55
0.96703    2.01647    42
0.96703    2.04562    21
0.96703    2.07478    30
0.96703    2.10393    20
0.96703    2.13308    32
0.96703    2.16223    10
0.96703    2.19138    11
0.96703    2.22053    3
0.96703    2.24968    11
0.96703    2.27883    4
0.96703    2.30798    19
0.96703    2.36629    2

0.996182   0.879577   4095
0.996182   0.908728   33931
0.996182   0.937879   40406
0.996182   0.96703    42143
0.996182   0.996182   39598
0.996182   1.02533    33237
0.996182   1.05448    21526
0.996182   1.08364    13208
0.996182   1.11279    8473
0.996182   1.14194    4878
0.996182   1.17109    2969
0.996182   1.20024    1569
0.996182   1.22939    807
0.996182   1.25854    459
0.996182   1.28769    215
0.996182   1.31684    94
0.996182   1.346      26
0.996182   1.37515    14
0.996182   1.4043     1
0.996182   1.43345    26
0.996182   1.4626     17
0.996182   1.49175    13
0.996182   1.5209     42
0.996182   1.55005    106
0.996182   1.57921    42
0.996182   1.60836    94
0.996182   1.63751    65
0.996182   1.66666    80
0.996182   1.69581    117
0.996182   1.72496    83
0.996182   1.75411    98
0.996182   1.78326    96
0.996182   1.81241    90
0.996182   1.84157    64
0.996182   1.87072    83
0.996182   1.89987    39
0.996182   1.92902    60
0.996182   1.95817    50
0.996182   1.98732    47
0.996182   2.01647    40
0.996182   2.04562    48
0.996182   2.07478    35
0.996182   2.10393    28
0.996182   2.13308    10
0.996182   2.16223    25
0.996182   2.19138    30
0.996182   2.22053    1
0.996182   2.24968    9
0.996182   2.30798    6
0.996182   2.36629    11

1.02533    0.850426   1517
1.02533    0.879577   21955
1.02533    0.908728   30287
1.02533    0.937879   30620
1.02533    0.96703    33595
1.02533    0.996182   30678
1.02533    1.02533    24545
1.02533    1.05448    15765
1.02533    1.08364    9876
1.02533    1.11279    4907
1.02533    1.14194    3112
1.02533    1.17109    1865
1.02533    1.20024    857
1.02533    1.22939    405
1.02533    1.25854    185
1.02533    1.28769    39
1.02533    1.31684    20
1.02533    1.346      6
1.02533    1.37515    27
1.02533    1.4043     64
1.02533    1.43345    35
1.02533    1.4626     120
1.02533    1.49175    92
1.02533    1.5209     131
1.02533    1.55005    120
1.02533    1.57921    162
1.02533    1.60836    175
1.02533    1.63751    137
1.02533    1.66666    127
1.02533    1.69581    146
1.02533    1.72496    164
1.02533    1.75411    141
1.02533    1.78326    145
1.02533    1.81241    99
1.02533    1.84157    102
1.02533    1.87072    114
1.02533    1.89987    82
1.02533    1.92902    78
1.02533    1.95817    69
1.02533    1.98732    69
1.02533    2.01647    41
1.02533    2.04562    85
1.02533    2.07478    50
1.02533    2.10393    33
1.02533    2.13308    24
1.02533    2.16223    31
1.02533    2.19138    24
1.02533    2.22053    19
1.02533    2.24968    42
1.02533    2.27883    3
1.02533    2.33714    3

1.05448    0.821275   177
1.05448    0.850426   12857
1.05448    0.879577   18921
1.05448    0.908728   20847
1.05448    0.937879   24962
1.05448    0.96703    24936
1.05448    0.996182   24418
1.05448    1.02533    16401
1.05448    1.05448    11093
1.05448    1.08364    6242
1.05448    1.11279    3232
1.05448    1.14194    1783
1.05448    1.17109    832
1.05448    1.20024    352
1.05448    1.22939    119
1.05448    1.25854    38
1.05448    1.31684    6
1.05448    1.346      43
1.05448    1.37515    64
1.05448    1.4043     85
1.05448    1.43345    121
1.05448    1.4626     115
1.05448    1.49175    164
1.05448    1.5209     173
1.05448    1.55005    209
1.05448    1.57921    165
1.05448    1.60836    157
1.05448    1.63751    149
1.05448    1.66666    208
1.05448    1.69581    131
1.05448    1.72496    92
1.05448    1.75411    107
1.05448    1.78326    151
1.05448    1.81241    167
1.05448    1.84157    93
1.05448    1.87072    57
1.05448    1.89987    112
1.05448    1.92902    83
1.05448    1.95817    70
1.05448    1.98732    69
1.05448    2.01647    70
1.05448    2.04562    41
1.05448    2.07478    67
1.05448    2.10393    12
1.05448    2.13308    9
1.05448    2.16223    25
1.05448    2.19138    16
1.05448    2.22053    17
1.05448    2.33714    1
1.05448    2.5995     13

1.08364    0.821275   6877
1.08364    0.850426   13951
1.08364    0.879577   15483
1.08364    0.908728   18139
1.08364    0.937879   19873
1.08364    0.96703    20533
1.08364    0.996182   15685
1.08364    1.02533    12358
1.08364    1.05448    6946
1.08364    1.08364    3964
1.08364    1.11279    1680
1.08364    1.14194    945
1.08364    1.17109    242
1.08364    1.20024    62
1.08364    1.22939    16
1.08364    1.28769    32
1.08364    1.31684    139
1.08364    1.346      151
1.08364    1.37515    193
1.08364    1.4043     187
1.08364    1.43345    245
1.08364    1.4626     187
1.08364    1.49175    251
1.08364    1.5209     251
1.08364    1.55005    322
1.08364    1.57921    213
1.08364    1.60836    219
1.08364    1.63751    242
1.08364    1.66666    261
1.08364    1.69581    189
1.08364    1.72496    97
1.08364    1.75411    177
1.08364    1.78326    131
1.08364    1.81241    194
1.08364    1.84157    127
1.08364    1.87072    92
1.08364    1.89987    130
1.08364    1.92902    72
1.08364    1.95817    56
1.08364    1.98732    53
1.08364    2.01647    59
1.08364    2.04562    50
1.08364    2.07478    35
1.08364    2.10393    38
1.08364    2.13308    4
1.08364    2.16223    12
1.08364    2.19138    5
1.08364    2.22053    7
1.08364    2.24968    6
1.08364    2.27883    1

1.11279    0.792123   1875
1.11279    0.821275   9269
1.11279    0.850426   11865
1.11279    0.879577   12891
1.11279    0.908728   12707
1.11279    0.937879   13441
1.11279    0.96703    13898
1.11279    0.996182   10554
1.11279    1.02533    7332
1.11279    1.05448    4249
1.11279    1.08364    2045
1.11279    1.11279    768
1.11279    1.14194    239
1.11279    1.17109    60
1.11279    1.20024    10
1.11279    1.22939    33
1.11279    1.25854    101
1.11279    1.28769    163
1.11279    1.31684    234
1.11279    1.346      267
1.11279    1.37515    330
1.11279    1.4043     317
1.11279    1.43345    304
1.11279    1.4626     344
1.11279    1.49175    380
1.11279    1.5209     331
1.11279    1.55005    345
1.11279    1.57921    322
1.11279    1.60836    196
1.11279    1.63751    243
1.11279    1.66666    243
1.11279    1.69581    220
1.11279    1.72496    256
1.11279    1.75411    190
1.11279    1.78326    131
1.11279    1.81241    136
1.11279    1.84157    153
1.11279    1.87072    121
1.11279    1.89987    112
1.11279    1.92902    69
1.11279    1.95817    89
1.11279    1.98732    61
1.11279    2.01647    76
1.11279    2.04562    28
1.11279    2.07478    2
1.11279    2.10393    3
1.11279    2.13308    11
1.11279    2.16223    36
1.11279    2.19138    22
1.11279    2.22053    13
1.11279    2.24968    11
1.11279    2.27883    5
1.11279    2.30798    2
1.11279    2.54119    14

1.14194    0.762972   282
1.14194    0.792123   6287
1.14194    0.821275   7825
1.14194    0.850426   8963
1.14194    0.879577   9797
1.14194    0.908728   9622
1.14194    0.937879   9901
1.14194    0.96703    8995
1.14194    0.996182   6645
1.14194    1.02533    4471
1.14194    1.05448    1870
1.14194    1.08364    874
1.14194    1.11279    201
1.14194    1.14194    27
1.14194    1.17109    18
1.14194    1.20024    78
1.14194    1.22939    214
1.14194    1.25854    264
1.14194    1.28769    247
1.14194    1.31684    384
1.14194    1.346      416
1.14194    1.37515    478
1.14194    1.4043     440
1.14194    1.43345    408
1.14194    1.4626     405
1.14194    1.49175    389
1.14194    1.5209     442
1.14194    1.55005    428
1.14194    1.57921    309
1.14194    1.60836    277
1.14194    1.63751    278
1.14194    1.66666    297
1.14194    1.69581    276
1.14194    1.72496    251
1.14194    1.75411    222
1.14194    1.78326    160
1.14194    1.81241    134
1.14194    1.84157    110
1.14194    1.87072    134
1.14194    1.89987    105
1.14194    1.92902    76
1.14194    1.95817    81
1.14194    1.98732    46
1.14194    2.01647    30
1.14194    2.04562    22
1.14194    2.07478    34
1.14194    2.10393    72
1.14194    2.13308    19
1.14194    2.16223    7
1.14194    2.19138    26
1.14194    2.22053    12

1.17109    0.762972   3090
1.17109    0.792123   6018
1.17109    0.821275   6178
1.17109    0.850426   6740
1.17109    0.879577   6113
1.17109    0.908728   6616
1.17109    0.937879   6806
1.17109    0.96703    5977
1.17109    0.996182   3811
1.17109    1.02533    2172
1.17109    1.05448    724
1.17109    1.08364    139
1.17109    1.11279    9
1.17109    1.14194    83
1.17109    1.17109    211
1.17109    1.20024    340
1.17109    1.22939    376
1.17109    1.25854    541
1.17109    1.28769    530
1.17109    1.31684    571
1.17109    1.346      713
1.17109    1.37515    560
1.17109    1.4043     674
1.17109    1.43345    527
1.17109    1.4626     548
1.17109    1.49175    427
1.17109    1.5209     566
1.17109    1.55005    484
1.17109    1.57921    434
1.17109    1.60836    369
1.17109    1.63751    406
1.17109    1.66666    241
1.17109    1.69581    303
1.17109    1.72496    269
1.17109    1.75411    183
1.17109    1.78326    168
1.17109    1.81241    215
1.17109    1.84157    129
1.17109    1.87072    129
1.17109    1.89987    90
1.17109    1.92902    41
1.17109    1.95817    62
1.17109    1.98732    62
1.17109    2.01647    44
1.17109    2.04562    22
1.17109    2.07478    22
1.17109    2.10393    26
1.17109    2.13308    6
1.17109    2.22053    3
1.17109    2.24968    3
1.17109    2.48289    22

1.20024    0.733821   689
1.20024    0.762972   4033
1.20024    0.792123   4204
1.20024    0.821275   5055
1.20024    0.850426   4674
1.20024    0.879577   5300
1.20024    0.908728   4712
1.20024    0.937879   4166
1.20024    0.96703    3351
1.20024    0.996182   1938
1.20024    1.02533    775
1.20024    1.05448    156
1.20024    1.08364    49
1.20024    1.11279    150
1.20024    1.14194    246
1.20024    1.17109    538
1.20024    1.20024    527
1.20024    1.22939    667
1.20024    1.25854    694
1.20024    1.28769    740
1.20024    1.31684    780
1.20024    1.346      751
1.20024    1.37515    842
1.20024    1.4043     821
1.20024    1.43345    649
1.20024    1.4626     671
1.20024    1.49175    535
1.20024    1.5209     450
1.20024    1.55005    543
1.20024    1.57921    487
1.20024    1.60836    420
1.20024    1.63751    393
1.20024    1.66666    335
1.20024    1.69581    254
1.20024    1.72496    286
1.20024    1.75411    306
1.20024    1.78326    194
1.20024    1.81241    220
1.20024    1.84157    184
1.20024    1.87072    95
1.20024    1.89987    104
1.20024    1.92902    77
1.20024    1.95817    43
1.20024    1.98732    35
1.20024    2.01647    47
1.20024    2.04562    31
1.20024    2.07478    22
1.20024    2.10393    14
1.20024    2.13308    11
1.20024    2.16223    3
1.20024    2.45374    1

1.22939    0.70467    10
1.22939    0.733821   2307
1.22939    0.762972   3638
1.22939    0.792123   3149
1.22939    0.821275   3186
1.22939    0.850426   3323
1.22939    0.879577   3598
1.22939    0.908728   2814
1.22939    0.937879   2332
1.22939    0.96703    1468
1.22939    0.996182   652
1.22939    1.02533    124
1.22939    1.05448    41
1.22939    1.08364    287
1.22939    1.11279    532
1.22939    1.14194    735
1.22939    1.17109    903
1.22939    1.20024    978
1.22939    1.22939    921
1.22939    1.25854    1009
1.22939    1.28769    1064
1.22939    1.31684    1068
1.22939    1.346      1015
1.22939    1.37515    1148
1.22939    1.4043     913
1.22939    1.43345    948
1.22939    1.4626     768
1.22939    1.49175    640
1.22939    1.5209     555
1.22939    1.55005    564
1.22939    1.57921    529
1.22939    1.60836    384
1.22939    1.63751    395
1.22939    1.66666    316
1.22939    1.69581    321
1.22939    1.72496    200
1.22939    1.75411    224
1.22939    1.78326    172
1.22939    1.81241    232
1.22939    1.84157    165
1.22939    1.87072    74
1.22939    1.89987    74
1.22939    1.92902    45
1.22939    1.95817    56
1.22939    1.98732    34
1.22939    2.01647    12
1.22939    2.04562    10
1.22939    2.07478    15
1.22939    2.10393    2
1.22939    2.19138    1
1.22939    2.39544    21
1.22939    2.42459    8
1.22939    2.45374    11

1.25854    0.70467    800
1.25854    0.733821   2588
1.25854    0.762972   2738
1.25854    0.792123   2621
1.25854    0.821275   2255
1.25854    0.850426   2426
1.25854    0.879577   2139
1.25854    0.908728   1520
1.25854    0.937879   1047
1.25854    0.96703    482
1.25854    0.996182   39
1.25854    1.02533    99
1.25854    1.05448    437
1.25854    1.08364    766
1.25854    1.11279    1126
1.25854    1.14194    1383
1.25854    1.17109    1408
1.25854    1.20024    1401
1.25854    1.22939    1418
1.25854    1.25854    1456
1.25854    1.28769    1399
1.25854    1.31684    1230
1.25854    1.346      1041
1.25854    1.37515    1015
1.25854    1.4043     1051
1.25854    1.43345    912
1.25854    1.4626     986
1.25854    1.49175    809
1.25854    1.5209     659
1.25854    1.55005    618
1.25854    1.57921    554
1.25854    1.60836    479
1.25854    1.63751    282
1.25854    1.66666    369
1.25854    1.69581    255
1.25854    1.72496    261
1.25854    1.75411    276
1.25854    1.78326    153
1.25854    1.81241    138
1.25854    1.84157    167
1.25854    1.87072    110
1.25854    1.89987    46
1.25854    1.92902    56
1.25854    1.95817    28
1.25854    1.98732    29
1.25854    2.01647    2
1.25854    2.04562    8
1.25854    2.07478    30
1.25854    2.10393    1
1.25854    2.36629    7
1.25854    2.39544    11

1.28769    0.70467    1833
1.28769    0.733821   2168
1.28769    0.762972   1922
1.28769    0.792123   2006
1.28769    0.821275   1339
1.28769    0.850426   1672
1.28769    0.879577   1147
1.28769    0.908728   768
1.28769    0.937879   290
1.28769    0.96703    68
1.28769    0.996182   218
1.28769    1.02533    704
1.28769    1.05448    1119
1.28769    1.08364    1631
1.28769    1.11279    1883
1.28769    1.14194    2067
1.28769    1.17109    2024
1.28769    1.20024    1813
1.28769    1.22939    1809
1.28769    1.25854    1758
1.28769    1.28769    1530
1.28769    1.31684    1403
1.28769    1.346      1543
1.28769    1.37515    1371
1.28769    1.4043     1088
1.28769    1.43345    990
1.28769    1.4626     906
1.28769    1.49175    766
1.28769    1.5209     760
1.28769    1.55005    642
1.28769    1.57921    667
1.28769    1.60836    478
1.28769    1.63751    428
1.28769    1.66666    296
1.28769    1.69581    316
1.28769    1.72496    250
1.28769    1.75411    186
1.28769    1.78326    180
1.28769    1.81241    138
1.28769    1.84157    142
1.28769    1.87072    78
1.28769    1.89987    86
1.28769    1.92902    50
1.28769    1.95817    34
1.28769    1.98732    50
1.28769    2.01647    26
1.28769    2.04562    18
1.28769    2.07478    7
1.28769    2.27883    8
1.28769    2.30798    7
1.28769    2.33714    18
1.28769    2.39544    4

1.31684    0.675519   574
1.31684    0.70467    1649
1.31684    0.733821   1471
1.31684    0.762972   1455
1.31684    0.792123   1202
1.31684    0.821275   1150
1.31684    0.850426   812
1.31684    0.879577   622
1.31684    0.908728   198
1.31684    0.937879   37
1.31684    0.96703    118
1.31684    0.996182   773
1.31684    1.02533    1680
1.31684    1.05448    2254
1.31684    1.08364    2605
1.31684    1.11279    2899
1.31684    1.14194    2932
1.31684    1.17109    2686
1.31684    1.20024    2463
1.31684    1.22939    2311
1.31684    1.25854    2158
1.31684    1.28769    1841
1.31684    1.31684    1780
1.31684    1.346      1508
1.31684    1.37515    1526
1.31684    1.4043     1237
1.31684    1.43345    1170
1.31684    1.4626     940
1.31684    1.49175    941
1.31684    1.5209     731
1.31684    1.55005    685
1.31684    1.57921    525
1.31684    1.60836    539
1.31684    1.63751    349
1.31684    1.66666    431
1.31684    1.69581    305
1.31684    1.72496    180
1.31684    1.75411    214
1.31684    1.78326    198
1.31684    1.81241    181
1.31684    1.84157    113
1.31684    1.87072    70
1.31684    1.89987    55
1.31684    1.92902    38
1.31684    1.95817    15
1.31684    1.98732    18
1.31684    2.01647    17
1.31684    2.04562    4
1.31684    2.07478    11
1.31684    2.22053    13
1.31684    2.24968    5
1.31684    2.27883    25
1.31684    2.30798    4
1.31684    2.33714    8

1.346      0.675519   881
1.346      0.70467    1121
1.346      0.733821   1236
1.346      0.762972   1131
1.346      0.792123   827
1.346      0.821275   539
1.346      0.850426   410
1.346      0.879577   87
1.346      0.908728   33
1.346      0.937879   117
1.346      0.96703    719
1.346      0.996182   1839
1.346      1.02533    2742
1.346      1.05448    3610
1.346      1.08364    4080
1.346      1.11279    3757
1.346      1.14194    3456
1.346      1.17109    3454
1.346      1.20024    2698
1.346      1.22939    2645
1.346      1.25854    2256
1.346      1.28769    1936
1.346      1.31684    1769
1.346      1.346      1628
1.346      1.37515    1586
1.346      1.4043     1505
1.346      1.43345    1261
1.346      1.4626     947
1.346      1.49175    821
1.346      1.5209     719
1.346      1.55005    745
1.346      1.57921    606
1.346      1.60836    493
1.346      1.63751    467
1.346      1.66666    437
1.346      1.69581    256
1.346      1.72496    204
1.346      1.75411    190
1.346      1.78326    102
1.346      1.81241    118
1.346      1.84157    65
1.346      1.87072    85
1.346      1.89987    52
1.346      1.92902    21
1.346      1.95817    28
1.346      1.98732    16
1.346      2.01647    2
1.346      2.04562    11
1.346      2.22053    18
1.346      2.24968    11
1.346      2.30798    4

1.37515    0.646367   243
1.37515    0.675519   891
1.37515    0.70467    923
1.37515    0.733821   882
1.37515    0.762972   779
1.37515    0.792123   467
1.37515    0.821275   373
1.37515    0.850426   100
1.37515    0.879577   10
1.37515    0.908728   134
1.37515    0.937879   561
1.37515    0.96703    1605
1.37515    0.996182   2935
1.37515    1.02533    4894
1.37515    1.05448    5305
1.37515    1.08364    5016
1.37515    1.11279    5045
1.37515    1.14194    4393
1.37515    1.17109    3746
1.37515    1.20024    3258
1.37515    1.22939    3062
1.37515    1.25854    3006
1.37515    1.28769    2520
1.37515    1.31684    2035
1.37515    1.346      1761
1.37515    1.37515    1659
1.37515    1.4043     1353
1.37515    1.43345    1457
1.37515    1.4626     898
1.37515    1.49175    1025
1.37515    1.5209     786
1.37515    1.55005    685
1.37515    1.57921    543
1.37515    1.60836    484
1.37515    1.63751    373
1.37515    1.66666    277
1.37515    1.69581    253
1.37515    1.72496    182
1.37515    1.75411    134
1.37515    1.78326    114
1.37515    1.81241    100
1.37515    1.84157    83
1.37515    1.87072    71
1.37515    1.89987    29
1.37515    1.92902    27
1.37515    1.95817    29
1.37515    1.98732    23
1.37515    2.01647    9
1.37515    2.13308    3
1.37515    2.16223    3
1.37515    2.19138    2
1.37515    2.22053    20
1.37515    2.24968    34
1.37515    2.27883    54

1.4043     0.646367   607
1.4043     0.675519   825
1.4043     0.70467    598
1.4043     0.733821   613
1.4043     0.762972   408
1.4043     0.792123   295
1.4043     0.821275   114
1.4043     0.850426   45
1.4043     0.879577   50
1.4043     0.908728   459
1.4043     0.937879   1286
1.4043     0.96703    2967
1.4043     0.996182   4636
1.4043     1.02533    6144
1.4043     1.05448    6442
1.4043     1.08364    6946
1.4043     1.11279    5811
1.4043     1.14194    5019
1.4043     1.17109    4502
1.4043     1.20024    4090
1.4043     1.22939    3172
1.4043     1.25854    2796
1.4043     1.28769    2719
1.4043     1.31684    2270
1.4043     1.346      1891
1.4043     1.37515    1604
1.4043     1.4043     1488
1.4043     1.43345    1235
1.4043     1.4626     941
1.4043     1.49175    935
1.4043     1.5209     891
1.4043     1.55005    567
1.4043     1.57921    630
1.4043     1.60836    547
1.4043     1.63751    447
1.4043     1.66666    293
1.4043     1.69581    286
1.4043     1.72496    177
1.4043     1.75411    154
1.4043     1.78326    71
1.4043     1.81241    100
1.4043     1.84157    78
1.4043     1.87072    63
1.4043     1.89987    20
1.4043     1.92902    10
1.4043     1.95817    4
1.4043     2.10393    8
1.4043     2.16223    8
1.4043     2.19138    25
1.4043     2.22053    13
1.4043     2.24968    49
1.4043     2.27883    32

1.43345    0.617216   70
1.43345    0.646367   696
1.43345    0.675519   628
1.43345    0.70467    627
1.43345    0.733821   360
1.43345    0.762972   299
1.43345    0.792123   92
1.43345    0.821275   40
1.43345    0.850426   25
1.43345    0.879577   194
1.43345    0.908728   931
1.43345    0.937879   2105
1.43345    0.96703    4179
1.43345    0.996182   6665
1.43345    1.02533    8148
1.43345    1.05448    8533
1.43345    1.08364    7954
1.43345    1.11279    7268
1.43345    1.14194    5862
1.43345    1.17109    4817
1.43345    1.20024    4609
1.43345    1.22939    3620
1.43345    1.25854    2918
1.43345    1.28769    2763
1.43345    1.31684    2389
1.43345    1.346      2351
1.43345    1.37515    1744
1.43345    1.4043     1636
1.43345    1.43345    1138
1.43345    1.4626     963
1.43345    1.49175    809
1.43345    1.5209     793
1.43345    1.55005    605
1.43345    1.57921    526
1.43345    1.60836    358
1.43345    1.63751    382
1.43345    1.66666    273
1.43345    1.69581    229
1.43345    1.72496    138
1.43345    1.75411    147
1.43345    1.78326    80
1.43345    1.81241    49
1.43345    1.84157    61
1.43345    1.87072    10
1.43345    1.89987    27
1.43345    1.92902    1
1.43345    1.95817    6
1.43345    2.07478    13
1.43345    2.10393    1
1.43345    2.13308    18
1.43345    2.16223    31
1.43345    2.19138    43
1.43345    2.22053    13
1.43345    2.24968    1

1.4626     0.617216   269
1.4626     0.646367   482
1.4626     0.675519   476
1.4626     0.70467    250
1.4626     0.733821   200
1.4626     0.762972   151
1.4626     0.792123   26
1.4626     0.821275   11
1.4626     0.850426   201
1.4626     0.879577   634
1.4626     0.908728   1636
1.4626     0.937879   3021
1.4626     0.96703    5501
1.4626     0.996182   8434
1.4626     1.02533    10297
1.4626     1.05448    10234
1.4626     1.08364    9394
1.4626     1.11279    8190
1.4626     1.14194    6856
1.4626     1.17109    5843
1.4626     1.20024    4803
1.4626     1.22939    3688
1.4626     1.25854    3535
1.4626     1.28769    2988
1.4626     1.31684    2473
1.4626     1.346      2176
1.4626     1.37515    1727
1.4626     1.4043     1627
1.4626     1.43345    1205
1.4626     1.4626     1084
1.4626     1.49175    903
1.4626     1.5209     759
1.4626     1.55005    607
1.4626     1.57921    613
1.4626     1.60836    424
1.4626     1.63751    325
1.4626     1.66666    276
1.4626     1.69581    173
1.4626     1.72496    153
1.4626     1.75411    70
1.4626     1.78326    76
1.4626     1.81241    39
1.4626     1.84157    31
1.4626     1.89987    14
1.4626     2.01647    1
1.4626     2.04562    1
1.4626     2.07478    20
1.4626     2.10393    7
1.4626     2.13308    44
1.4626     2.16223    28
1.4626     2.19138    8
1.4626     2.22053    3

1.49175    0.588065   30
1.49175    0.617216   303
1.49175    0.646367   423
1.49175    0.675519   226
1.49175    0.70467    179
1.49175    0.733821   101
1.49175    0.762972   47
1.49175    0.792123   6
1.49175    0.821275   85
1.49175    0.850426   406
1.49175    0.879577   1078
1.49175    0.908728   2471
1.49175    0.937879   4808
1.49175    0.96703    7902
1.49175    0.996182   10790
1.49175    1.02533    11878
1.49175    1.05448    11767
1.49175    1.08364    11061
1.49175    1.11279    9096
1.49175    1.14194    7254
1.49175    1.17109    6065
1.49175    1.20024    5224
1.49175    1.22939    4312
1.49175    1.25854    3641
1.49175    1.28769    2745
1.49175    1.31684    2560
1.49175    1.346      2039
1.49175    1.37515    1663
1.49175    1.4043     1526
1.49175    1.43345    1361
1.49175    1.4626     954
1.49175    1.49175    814
1.49175    1.5209     780
1.49175    1.55005    576
1.49175    1.57921    571
1.49175    1.60836    387
1.49175    1.63751    250
1.49175    1.66666    222
1.49175    1.69581    125
1.49175    1.72496    165
1.49175    1.75411    83
1.49175    1.78326    81
1.49175    1.81241    30
1.49175    1.84157    9
1.49175    1.87072    1
1.49175    1.95817    10
1.49175    1.98732    3
1.49175    2.04562    1
1.49175    2.07478    26
1.49175    2.10393    12
1.49175    2.13308    18
1.49175    2.16223    31
1.49175    2.19138    11

1.5209     0.588065   118
1.5209     0.617216   287
1.5209     0.646367   250
1.5209     0.675519   149
1.5209     0.70467    137
1.5209     0.733821   36
1.5209     0.762972   4
1.5209     0.792123   58
1.5209     0.821275   204
1.5209     0.850426   674
1.5209     0.879577   1444
1.5209     0.908728   3185
1.5209     0.937879   5790
1.5209     0.96703    9212
1.5209     0.996182   12496
1.5209     1.02533    13332
1.5209     1.05448    13529
1.5209     1.08364    11738
1.5209     1.11279    9670
1.5209     1.14194    8120
1.5209     1.17109    6493
1.5209     1.20024    5280
1.5209     1.22939    4525
1.5209     1.25854    3727
1.5209     1.28769    3247
1.5209     1.31684    2448
1.5209     1.346      2388
1.5209     1.37515    1799
1.5209     1.4043     1454
1.5209     1.43345    1158
1.5209     1.4626     955
1.5209     1.49175    778
1.5209     1.5209     782
1.5209     1.55005    533
1.5209     1.57921    388
1.5209     1.60836    295
1.5209     1.63751    261
1.5209     1.66666    155
1.5209     1.69581    132
1.5209     1.72496    91
1.5209     1.75411    52
1.5209     1.78326    31
1.5209     1.81241    12
1.5209     1.84157    8
1.5209     1.92902    1
1.5209     1.95817    2
1.5209     1.98732    6
1.5209     2.01647    30
1.5209     2.04562    27
1.5209     2.07478    26
1.5209     2.10393    47
1.5209     2.13308    28
1.5209     2.16223    33

1.55005    0.588065   197
1.55005    0.617216   257
1.55005    0.646367   170
1.55005    0.675519   95
1.55005    0.70467    19
1.55005    0.733821   6
1.55005    0.762972   22
1.55005    0.792123   110
1.55005    0.821275   367
1.55005    0.850426   1004
1.55005    0.879577   2123
1.55005    0.908728   3958
1.55005    0.937879   6892
1.55005    0.96703    10412
1.55005    0.996182   13778
1.55005    1.02533    15663
1.55005    1.05448    15216
1.55005    1.08364    13148
1.55005    1.11279    10680
1.55005    1.14194    8525
1.55005    1.17109    6529
1.55005    1.20024    5636
1.55005    1.22939    4510
1.55005    1.25854    3557
1.55005    1.28769    3128
1.55005    1.31684    2458
1.55005    1.346      2109
1.55005    1.37515    1739
1.55005    1.4043     1416
1.55005    1.43345    1142
1.55005    1.4626     925
1.55005    1.49175    696
1.55005    1.5209     583
1.55005    1.55005    537
1.55005    1.57921    326
1.55005    1.60836    213
1.55005    1.63751    197
1.55005    1.66666    189
1.55005    1.69581    116
1.55005    1.72496    50
1.55005    1.75411    36
1.55005    1.78326    15
1.55005    1.81241    2
1.55005    1.92902    5
1.55005    1.95817    4
1.55005    1.98732    25
1.55005    2.01647    51
1.55005    2.04562    25
1.55005    2.07478    36
1.55005    2.10393    68
1.55005    2.13308    76

1.57921    0.558914   9
1.57921    0.588065   176
1.57921    0.617216   132
1.57921    0.646367   132
1.57921    0.675519   43
1.57921    0.70467    11
1.57921    0.733821   15
1.57921    0.762972   64
1.57921    0.792123   217
1.57921    0.821275   514
1.57921    0.850426   1301
1.57921    0.879577   2604
1.57921    0.908728   4700
1.57921    0.937879   7882
1.57921    0.96703    12907
1.57921    0.996182   16797
1.57921    1.02533    17942
1.57921    1.05448    16184
1.57921    1.08364    12973
1.57921    1.11279    11227
1.57921    1.14194    8897
1.57921    1.17109    7156
1.57921    1.20024    5791
1.57921    1.22939    4796
1.57921    1.25854    4008
1.57921    1.28769    3003
1.57921    1.31684    2389
1.57921    1.346      1814
1.57921    1.37515    1519
1.57921    1.4043     1256
1.57921    1.43345    1099
1.57921    1.4626     1008
1.57921    1.49175    657
1.57921    1.5209     521
1.57921    1.55005    484
1.57921    1.57921    334
1.57921    1.60836    165
1.57921    1.63751    159
1.57921    1.66666    114
1.57921    1.69581    72
1.57921    1.72496    44
1.57921    1.75411    21
1.57921    1.78326    8
1.57921    1.81241    3
1.57921    1.87072    11
1.57921    1.89987    10
1.57921    1.92902    69
1.57921    1.95817    27
1.57921    1.98732    30
1.57921    2.01647    68
1.57921    2.04562    48
1.57921    2.07478    53
1.57921    2.10393    68
1.57921    2.13308    1

1.60836    0.558914   76
1.60836    0.588065   197
1.60836    0.617216   58
1.60836    0.646367   68
1.60836    0.675519   12
1.60836    0.70467    2
1.60836    0.733821   43
1.60836    0.762972   149
1.60836    0.792123   339
1.60836    0.821275   829
1.60836    0.850426   1582
1.60836    0.879577   3234
1.60836    0.908728   5728
1.60836    0.937879   8737
1.60836    0.96703    13629
1.60836    0.996182   18119
1.60836    1.02533    19722
1.60836    1.05448    16465
1.60836    1.08364    14880
1.60836    1.11279    11524
1.60836    1.14194    9450
1.60836    1.17109    7586
1.60836    1.20024    5613
1.60836    1.22939    4120
1.60836    1.25854    3588
1.60836    1.28769    3039
1.60836    1.31684    2418
1.60836    1.346      2038
1.60836    1.37515    1525
1.60836    1.4043     1327
1.60836    1.43345    1046
1.60836    1.4626     784
1.60836    1.49175    543
1.60836    1.5209     319
1.60836    1.55005    282
1.60836    1.57921    269
1.60836    1.60836    117
1.60836    1.63751    138
1.60836    1.66666    57
1.60836    1.69581    70
1.60836    1.72496    15
1.60836    1.75411    17
1.60836    1.78326    10
1.60836    1.84157    9
1.60836    1.87072    28
1.60836    1.89987    20
1.60836    1.92902    32
1.60836    1.95817    14
1.60836    1.98732    43
1.60836    2.01647    123
1.60836    2.04562    90
1.60836    2.07478    132
1.60836    2.10393    15

1.63751    0.558914   71
1.63751    0.588065   159
1.63751    0.617216   141
1.63751    0.646367   26
1.63751    0.675519   13
1.63751    0.70467    14
1.63751    0.733821   57
1.63751    0.762972   269
1.63751    0.792123   548
1.63751    0.821275   1088
1.63751    0.850426   2056
1.63751    0.879577   3809
1.63751    0.908728   6458
1.63751    0.937879   10313
1.63751    0.96703    15425
1.63751    0.996182   19814
1.63751    1.02533    21745
1.63751    1.05448    18845
1.63751    1.08364    14652
1.63751    1.11279    12162
1.63751    1.14194    9283
1.63751    1.17109    7259
1.63751    1.20024    5593
1.63751    1.22939    4371
1.63751    1.25854    3653
1.63751    1.28769    2808
1.63751    1.31684    2512
1.63751    1.346      1922
1.63751    1.37515    1529
1.63751    1.4043     1122
1.63751    1.43345    799
1.63751    1.4626     612
1.63751    1.49175    510
1.63751    1.5209     309
1.63751    1.55005    204
1.63751    1.57921    192
1.63751    1.60836    143
1.63751    1.63751    51
1.63751    1.66666    55
1.63751    1.69581    18
1.63751    1.72496    9
1.63751    1.75411    3
1.63751    1.78326    1
1.63751    1.81241    20
1.63751    1.84157    19
1.63751    1.87072    28
1.63751    1.89987    20
1.63751    1.92902    37
1.63751    1.95817    134
1.63751    1.98732    74
1.63751    2.01647    84
1.63751    2.04562    109
1.63751    2.07478    4

1.66666    0.529763   4
1.66666    0.558914   92
1.66666    0.588065   67
1.66666    0.617216   46
1.66666    0.646367   7
1.66666    0.70467    40
1.66666    0.733821   148
1.66666    0.762972   350
1.66666    0.792123   896
1.66666    0.821275   1543
1.66666    0.850426   2547
1.66666    0.879577   4351
1.66666    0.908728   7216
1.66666    0.937879   11480
1.66666    0.96703    15932
1.66666    0.996182   20121
1.66666    1.02533    21690
1.66666    1.05448    19582
1.66666    1.08364    15340
1.66666    1.11279    12039
1.66666    1.14194    9349
1.66666    1.17109    7104
1.66666    1.20024    5947
1.66666    1.22939    4741
1.66666    1.25854    3338
1.66666    1.28769    2796
1.66666    1.31684    1961
1.66666    1.346      1717
1.66666    1.37515    1289
1.66666    1.4043     1068
1.66666    1.43345    770
1.66666    1.4626     521
1.66666    1.49175    434
1.66666    1.5209     351
1.66666    1.55005    201
1.66666    1.57921    144
1.66666    1.60836    72
1.66666    1.63751    31
1.66666    1.66666    20
1.66666    1.69581    10
1.66666    1.78326    26
1.66666    1.81241    24
1.66666    1.84157    54
1.66666    1.87072    37
1.66666    1.89987    101
1.66666    1.92902    129
1.66666    1.95817    119
1.66666    1.98732    116
1.66666    2.01647    140
1.66666    2.04562    10

1.69581    0.529763   43
1.69581    0.558914   41
1.69581    0.588065   33
1.69581    0.617216   16
1.69581    0.646367   2
1.69581    0.675519   11
1.69581    0.70467    57
1.69581    0.733821   203
1.69581    0.762972   462
1.69581    0.792123   874
1.69581    0.821275   1578
1.69581    0.850426   3028
1.69581    0.879577   5266
1.69581    0.908728   7934
1.69581    0.937879   12240
1.69581    0.96703    18093
1.69581    0.996182   21995
1.69581    1.02533    23179
1.69581    1.05448    18627
1.69581    1.08364    15508
1.69581    1.11279    12147
1.69581    1.14194    9680
1.69581    1.17109    7029
1.69581    1.20024    5552
1.69581    1.22939    4496
1.69581    1.25854    3546
1.69581    1.28769    2676
1.69581    1.31684    2071
1.69581    1.346      1421
1.69581    1.37515    1308
1.69581    1.4043     750
1.69581    1.43345    618
1.69581    1.4626     434
1.69581    1.49175    319
1.69581    1.5209     233
1.69581    1.55005    170
1.69581    1.57921    72
1.69581    1.60836    71
1.69581    1.63751    16
1.69581    1.66666    9
1.69581    1.69581    1
1.69581    1.72496    2
1.69581    1.75411    9
1.69581    1.78326    37
1.69581    1.81241    45
1.69581    1.84157    108
1.69581    1.87072    115
1.69581    1.89987    114
1.69581    1.92902    89
1.69581    1.95817    248
1.69581    1.98732    210
1.69581    2.01647    27

1.72496    0.529763   43
1.72496    0.558914   68
1.72496    0.588065   17
1.72496    0.617216   9
1.72496    0.675519   19
1.72496    0.70467    124
1.72496    0.733821   262
1.72496    0.762972   590
1.72496    0.792123   1120
1.72496    0.821275   1850
1.72496    0.850426   3142
1.72496    0.879577   5642
1.72496    0.908728   8240
1.72496    0.937879   12583
1.72496    0.96703    18394
1.72496    0.996182   22625
1.72496    1.02533    22585
1.72496    1.05448    19400
1.72496    1.08364    15874
1.72496    1.11279    11495
1.72496    1.14194    8831
1.72496    1.17109    6665
1.72496    1.20024    5360
1.72496    1.22939    3768
1.72496    1.25854    3052
1.72496    1.28769    2421
1.72496    1.31684    1963
1.72496    1.346      1187
1.72496    1.37515    1057
1.72496    1.4043     728
1.72496    1.43345    527
1.72496    1.4626     354
1.72496    1.49175    230
1.72496    1.5209     128
1.72496    1.55005    85
1.72496    1.57921    51
1.72496    1.60836    5
1.72496    1.63751    6
1.72496    1.69581    20
1.72496    1.72496    21
1.72496    1.75411    24
1.72496    1.78326    50
1.72496    1.81241    126
1.72496    1.84157    91
1.72496    1.87072    187
1.72496    1.89987    237
1.72496    1.92902    209
1.72496    1.95817    227
1.72496    1.98732    72

1.75411    0.529763   77
1.75411    0.558914   30
1.75411    0.588065   22
1.75411    0.617216   3
1.75411    0.675519   52
1.75411    0.70467    127
1.75411    0.733821   333
1.75411    0.762972   740
1.75411    0.792123   1115
1.75411    0.821275   2240
1.75411    0.850426   3351
1.75411    0.879577   5955
1.75411    0.908728   8996
1.75411    0.937879   13424
1.75411    0.96703    19585
1.75411    0.996182   22422
1.75411    1.02533    23143
1.75411    1.05448    20365
1.75411    1.08364    15955
1.75411    1.11279    12003
1.75411    1.14194    8843
1.75411    1.17109    6776
1.75411    1.20024    4864
1.75411    1.22939    3547
1.75411    1.25854    2765
1.75411    1.28769    2106
1.75411    1.31684    1661
1.75411    1.346      1032
1.75411    1.37515    844
1.75411    1.4043     793
1.75411    1.43345    380
1.75411    1.4626     247
1.75411    1.49175    207
1.75411    1.5209     58
1.75411    1.55005    34
1.75411    1.57921    14
1.75411    1.60836    2
1.75411    1.66666    13
1.75411    1.69581    47
1.75411    1.72496    38
1.75411    1.75411    114
1.75411    1.78326    145
1.75411    1.81241    125
1.75411    1.84157    202
1.75411    1.87072    157
1.75411    1.89987    358
1.75411    1.92902    118
1.75411    1.95817    45

1.78326    0.529763   39
1.78326    0.558914   35
1.78326    0.588065   3
1.78326    0.617216   6
1.78326    0.646367   9
1.78326    0.675519   75
1.78326    0.70467    202
1.78326    0.733821   448
1.78326    0.762972   822
1.78326    0.792123   1271
1.78326    0.821275   2413
1.78326    0.850426   3820
1.78326    0.879577   6069
1.78326    0.908728   9541
1.78326    0.937879   13752
1.78326    0.96703    19539
1.78326    0.996182   22261
1.78326    1.02533    22481
1.78326    1.05448    19278
1.78326    1.08364    14352
1.78326    1.11279    10853
1.78326    1.14194    8657
1.78326    1.17109    6254
1.78326    1.20024    4818
1.78326    1.22939    3330
1.78326    1.25854    2551
1.78326    1.28769    1808
1.78326    1.31684    1386
1.78326    1.346      975
1.78326    1.37515    633
1.78326    1.4043     321
1.78326    1.43345    332
1.78326    1.4626     212
1.78326    1.49175    77
1.78326    1.5209     38
1.78326    1.55005    5
1.78326    1.57921    4
1.78326    1.60836    1
1.78326    1.63751    32
1.78326    1.66666    59
1.78326    1.69581    63
1.78326    1.72496    115
1.78326    1.75411    174
1.78326    1.78326    191
1.78326    1.81241    365
1.78326    1.84157    169
1.78326    1.87072    239
1.78326    1.89987    226
1.78326    1.92902    77

1.81241    0.500612   3
1.81241    0.529763   29
1.81241    0.558914   31
1.81241    0.646367   60
1.81241    0.675519   92
1.81241    0.70467    336
1.81241    0.733821   418
1.81241    0.762972   848
1.81241    0.792123   1644
1.81241    0.821275   2642
1.81241    0.850426   4029
1.81241    0.879577   6700
1.81241    0.908728   10367
1.81241    0.937879   13639
1.81241    0.96703    19181
1.81241    0.996182   22049
1.81241    1.02533    22111
1.81241    1.05448    19705
1.81241    1.08364    13849
1.81241    1.11279    10548
1.81241    1.14194    7317
1.81241    1.17109    5596
1.81241    1.20024    4082
1.81241    1.22939    3167
1.81241    1.25854    1911
1.81241    1.28769    1492
1.81241    1.31684    1235
1.81241    1.346      659
1.81241    1.37515    544
1.81241    1.4043     314
1.81241    1.43345    149
1.81241    1.4626     82
1.81241    1.49175    31
1.81241    1.5209     19
1.81241    1.55005    1
1.81241    1.57921    2
1.81241    1.60836    22
1.81241    1.63751    41
1.81241    1.66666    102
1.81241    1.69581    95
1.81241    1.72496    207
1.81241    1.75411    181
1.81241    1.78326    240
1.81241    1.81241    266
1.81241    1.84157    394
1.81241    1.87072    333
1.81241    1.89987    82

1.84157    0.500612   41
1.84157    0.529763   12
1.84157    0.558914   11
1.84157    0.617216   10
1.84157    0.646367   52
1.84157    0.675519   154
1.84157    0.70467    296
1.84157    0.733821   549
1.84157    0.762972   1032
1.84157    0.792123   1831
1.84157    0.821275   2632
1.84157    0.850426   4155
1.84157    0.879577   6270
1.84157    0.908728   10331
1.84157    0.937879   14175
1.84157    0.96703    19544
1.84157    0.996182   22313
1.84157    1.02533    21287
1.84157    1.05448    18100
1.84157    1.08364    13903
1.84157    1.11279    10023
1.84157    1.14194    6753
1.84157    1.17109    5032
1.84157    1.20024    3516
1.84157    1.22939    2436
1.84157    1.25854    1858
1.84157    1.28769    1155
1.84157    1.31684    1001
1.84157    1.346      607
1.84157    1.37515    380
1.84157    1.4043     257
1.84157    1.43345    128
1.84157    1.4626     52
1.84157    1.49175    8
1.84157    1.5209     3
1.84157    1.55005    1
1.84157    1.57921    59
1.84157    1.60836    39
1.84157    1.63751    88
1.84157    1.66666    140
1.84157    1.69581    252
1.84157    1.72496    249
1.84157    1.75411    386
1.84157    1.78326    321
1.84157    1.81241    415
1.84157    1.84157    669
1.84157    1.87072    95

1.87072    0.500612   19
1.87072    0.529763   6
1.87072    0.558914   8
1.87072    0.588065   11
1.87072    0.617216   30
1.87072    0.646367   72
1.87072    0.675519   210
1.87072    0.70467    335
1.87072    0.733821   749
1.87072    0.762972   1085
1.87072    0.792123   1842
1.87072    0.821275   2947
1.87072    0.850426   4132
1.87072    0.879577   7095
1.87072    0.908728   10041
1.87072    0.937879   13399
1.87072    0.96703    18258
1.87072    0.996182   20503
1.87072    1.02533    21006
1.87072    1.05448    17071
1.87072    1.08364    12627
1.87072    1.11279    9473
1.87072    1.14194    6270
1.87072    1.17109    4542
1.87072    1.20024    3233
1.87072    1.22939    2112
1.87072    1.25854    1456
1.87072    1.28769    946
1.87072    1.31684    644
1.87072    1.346      402
1.87072    1.37515    218
1.87072    1.4043     85
1.87072    1.43345    46
1.87072    1.4626     7
1.87072    1.5209     30
1.87072    1.55005    52
1.87072    1.57921    51
1.87072    1.60836    136
1.87072    1.63751    163
1.87072    1.66666    217
1.87072    1.69581    244
1.87072    1.72496    357
1.87072    1.75411    547
1.87072    1.78326    512
1.87072    1.81241    651
1.87072    1.84157    100

1.89987    0.500612   1
1.89987    0.529763   3
1.89987    0.558914   9
1.89987    0.588065   3
1.89987    0.617216   20
1.89987    0.646367   108
1.89987    0.675519   191
1.89987    0.70467    368
1.89987    0.733821   806
1.89987    0.762972   1147
1.89987    0.792123   1734
1.89987    0.821275   3030
1.89987    0.850426   4607
1.89987    0.879577   6880
1.89987    0.908728   9146
1.89987    0.937879   13707
1.89987    0.96703    18926
1.89987    0.996182   21517
1.89987    1.02533    19992
1.89987    1.05448    15391
1.89987    1.08364    11446
1.89987    1.11279    7919
1.89987    1.14194    5491
1.89987    1.17109    4071
1.89987    1.20024    2485
1.89987    1.22939    1841
1.89987    1.25854    1239
1.89987    1.28769    793
1.89987    1.31684    485
1.89987    1.346      205
1.89987    1.37515    156
1.89987    1.4043     49
1.89987    1.43345    11
1.89987    1.4626     4
1.89987    1.49175    19
1.89987    1.5209     68
1.89987    1.55005    138
1.89987    1.57921    259
1.89987    1.60836    211
1.89987    1.63751    427
1.89987    1.66666    381
1.89987    1.69581    456
1.89987    1.72496    482
1.89987    1.75411    544
1.89987    1.78326    592
1.89987    1.81241    82

1.92902    0.500612   3
1.92902    0.529763   11
1.92902    0.588065   17
1.92902    0.617216   65
1.92902    0.646367   98
1.92902    0.675519   247
1.92902    0.70467    525
1.92902    0.733821   838
1.92902    0.762972   1407
1.92902    0.792123   1826
1.92902    0.821275   3200
1.92902    0.850426   4592
1.92902    0.879577   6705
1.92902    0.908728   9411
1.92902    0.937879   13000
1.92902    0.96703    16409
1.92902    0.996182   19723
1.92902    1.02533    16572
1.92902    1.05448    14093
1.92902    1.08364    9658
1.92902    1.11279    6692
1.92902    1.14194    5074
1.92902    1.17109    3629
1.92902    1.20024    2143
1.92902    1.22939    1314
1.92902    1.25854    784
1.92902    1.28769    560
1.92902    1.31684    278
1.92902    1.346      125
1.92902    1.37515    23
1.92902    1.4043     6
1.92902    1.43345    3
1.92902    1.4626     9
1.92902    1.49175    101
1.92902    1.5209     144
1.92902    1.55005    278
1.92902    1.57921    255
1.92902    1.60836    328
1.92902    1.63751    406
1.92902    1.66666    672
1.92902    1.69581    683
1.92902    1.72496    734
1.92902    1.75411    754
1.92902    1.78326    69

1.95817    0.558914   2
1.95817    0.588065   19
1.95817    0.617216   77
1.95817    0.646367   121
1.95817    0.675519   344
1.95817    0.70467    569
1.95817    0.733821   774
1.95817    0.762972   1338
1.95817    0.792123   2061
1.95817    0.821275   2941
1.95817    0.850426   4437
1.95817    0.879577   6376
1.95817    0.908728   9370
1.95817    0.937879   13072
1.95817    0.96703    16391
1.95817    0.996182   17832
1.95817    1.02533    15817
1.95817    1.05448    13020
1.95817    1.08364    8832
1.95817    1.11279    5837
1.95817    1.14194    4108
1.95817    1.17109    2619
1.95817    1.20024    1512
1.95817    1.22939    910
1.95817    1.25854    560
1.95817    1.28769    334
1.95817    1.31684    111
1.95817    1.346      25
1.95817    1.37515    6
1.95817    1.4043     11
1.95817    1.43345    47
1.95817    1.4626     106
1.95817    1.49175    182
1.95817    1.5209     209
1.95817    1.55005    297
1.95817    1.57921    380
1.95817    1.60836    657
1.95817    1.63751    696
1.95817    1.66666    807
1.95817    1.69581    657
1.95817    1.72496    693
1.95817    1.75411    115

1.98732    0.47146    13
1.98732    0.500612   3
1.98732    0.558914   12
1.98732    0.588065   37
1.98732    0.617216   81
1.98732    0.646367   176
1.98732    0.675519   303
1.98732    0.70467    517
1.98732    0.733821   911
1.98732    0.762972   1214
1.98732    0.792123   2061
1.98732    0.821275   2951
1.98732    0.850426   5143
1.98732    0.879577   6197
1.98732    0.908728   8618
1.98732    0.937879   11349
1.98732    0.96703    14510
1.98732    0.996182   16226
1.98732    1.02533    14776
1.98732    1.05448    11091
1.98732    1.08364    7705
1.98732    1.11279    5032
1.98732    1.14194    3328
1.98732    1.17109    1852
1.98732    1.20024    1247
1.98732    1.22939    663
1.98732    1.25854    346
1.98732    1.28769    143
1.98732    1.31684    39
1.98732    1.346      16
1.98732    1.37515    8
1.98732    1.4043     53
1.98732    1.43345    165
1.98732    1.4626     311
1.98732    1.49175    322
1.98732    1.5209     389
1.98732    1.55005    512
1.98732    1.57921    721
1.98732    1.60836    658
1.98732    1.63751    933
1.98732    1.66666    880
1.98732    1.69581    981
1.98732    1.72496    172

2.01647    0.558914   2
2.01647    0.588065   15
2.01647    0.617216   85
2.01647    0.646367   143
2.01647    0.675519   267
2.01647    0.70467    797
2.01647    0.733821   817
2.01647    0.762972   1397
2.01647    0.792123   1918
2.01647    0.821275   2889
2.01647    0.850426   3750
2.01647    0.879577   5867
2.01647    0.908728   8300
2.01647    0.937879   11347
2.01647    0.96703    13275
2.01647    0.996182   13911
2.01647    1.02533    12998
2.01647    1.05448    9409
2.01647    1.08364    6338
2.01647    1.11279    3879
2.01647    1.14194    2410
2.01647    1.17109    1225
2.01647    1.20024    700
2.01647    1.22939    433
2.01647    1.25854    152
2.01647    1.28769    38
2.01647    1.31684    5
2.01647    1.346      32
2.01647    1.37515    81
2.01647    1.4043     164
2.01647    1.43345    247
2.01647    1.4626     405
2.01647    1.49175    520
2.01647    1.5209     739
2.01647    1.55005    774
2.01647    1.57921    899
2.01647    1.60836    1169
2.01647    1.63751    1069
2.01647    1.66666    1191
2.01647    1.69581    210

2.04562    0.558914   12
2.04562    0.588065   63
2.04562    0.617216   127
2.04562    0.646367   225
2.04562    0.675519   283
2.04562    0.70467    502
2.04562    0.733821   856
2.04562    0.762972   1260
2.04562    0.792123   1798
2.04562    0.821275   2707
2.04562    0.850426   4263
2.04562    0.879577   5723
2.04562    0.908728   7211
2.04562    0.937879   10314
2.04562    0.96703    12460
2.04562    0.996182   12602
2.04562    1.02533    10323
2.04562    1.05448    7390
2.04562    1.08364    5344
2.04562    1.11279    2993
2.04562    1.14194    1593
2.04562    1.17109    990
2.04562    1.20024    413
2.04562    1.22939    144
2.04562    1.25854    15
2.04562    1.28769    10
2.04562    1.31684    35
2.04562    1.346      120
2.04562    1.37515    271
2.04562    1.4043     331
2.04562    1.43345    459
2.04562    1.4626     666
2.04562    1.49175    777
2.04562    1.5209     787
2.04562    1.55005    931
2.04562    1.57921    951
2.04562    1.60836    1011
2.04562    1.63751    1131
2.04562    1.66666    148

2.07478    0.47146    8
2.07478    0.529763   9
2.07478    0.558914   9
2.07478    0.588065   84
2.07478    0.617216   131
2.07478    0.646367   230
2.07478    0.675519   400
2.07478    0.70467    733
2.07478    0.733821   902
2.07478    0.762972   1372
2.07478    0.792123   1809
2.07478    0.821275   2727
2.07478    0.850426   3511
2.07478    0.879577   5262
2.07478    0.908728   6799
2.07478    0.937879   8616
2.07478    0.96703    10191
2.07478    0.996182   10036
2.07478    1.02533    8690
2.07478    1.05448    6071
2.07478    1.08364    3709
2.07478    1.11279    1989
2.07478    1.14194    1159
2.07478    1.17109    506
2.07478    1.20024    126
2.07478    1.22939    35
2.07478    1.25854    2
2.07478    1.28769    100
2.07478    1.31684    189
2.07478    1.346      362
2.07478    1.37515    470
2.07478    1.4043     674
2.07478    1.43345    941
2.07478    1.4626     945
2.07478    1.49175    1062
2.07478    1.5209     1338
2.07478    1.55005    1186
2.07478    1.57921    1683
2.07478    1.60836    1872
2.07478    1.63751    278

2.10393    0.529763   3
2.10393    0.558914   4
2.10393    0.588065   63
2.10393    0.617216   178
2.10393    0.646367   184
2.10393    0.675519   299
2.10393    0.70467    712
2.10393    0.733821   912
2.10393    0.762972   1190
2.10393    0.792123   1792
2.10393    0.821275   2215
2.10393    0.850426   3528
2.10393    0.879577   4580
2.10393    0.908728   5917
2.10393    0.937879   7508
2.10393    0.96703    8366
2.10393    0.996182   8353
2.10393    1.02533    7054
2.10393    1.05448    4893
2.10393    1.08364    2584
2.10393    1.11279    1182
2.10393    1.14194    484
2.10393    1.17109    161
2.10393    1.20024    21
2.10393    1.22939    8
2.10393    1.25854    123
2.10393    1.28769    299
2.10393    1.31684    328
2.10393    1.346      632
2.10393    1.37515    768
2.10393    1.4043     836
2.10393    1.43345    1101
2.10393    1.4626     1249
2.10393    1.49175    1657
2.10393    1.5209     1508
2.10393    1.55005    2112
2.10393    1.57921    1593
2.10393    1.60836    344

2.13308    0.500612   10
2.13308    0.529763   4
2.13308    0.558914   19
2.13308    0.588065   37
2.13308    0.617216   124
2.13308    0.646367   200
2.13308    0.675519   466
2.13308    0.70467    512
2.13308    0.733821   977
2.13308    0.762972   1097
2.13308    0.792123   1664
2.13308    0.821275   2160
2.13308    0.850426   3085
2.13308    0.879577   3751
2.13308    0.908728   5167
2.13308    0.937879   5997
2.13308    0.96703    7089
2.13308    0.996182   6567
2.13308    1.02533    4997
2.13308    1.05448    3260
2.13308    1.08364    1583
2.13308    1.11279    545
2.13308    1.14194    160
2.13308    1.17109    21
2.13308    1.20024    56
2.13308    1.22939    128
2.13308    1.25854    395
2.13308    1.28769    522
2.13308    1.31684    980
2.13308    1.346      1070
2.13308    1.37515    1236
2.13308    1.4043     1349
2.13308    1.43345    1580
2.13308    1.4626     1870
2.13308    1.49175    1777
2.13308    1.5209     2356
2.13308    1.55005    2282
2.13308    1.57921    256

2.16223    0.500612   1
2.16223    0.529763   8
2.16223    0.558914   4
2.16223    0.588065   46
2.16223    0.617216   125
2.16223    0.646367   257
2.16223    0.675519   410
2.16223    0.70467    560
2.16223    0.733821   707
2.16223    0.762972   1186
2.16223    0.792123   1615
2.16223    0.821275   2145
2.16223    0.850426   2449
2.16223    0.879577   3646
2.16223    0.908728   4204
2.16223    0.937879   5082
2.16223    0.96703    5452
2.16223    0.996182   4436
2.16223    1.02533    3269
2.16223    1.05448    1707
2.16223    1.08364    724
2.16223    1.11279    148
2.16223    1.14194    15
2.16223    1.17109    64
2.16223    1.20024    280
2.16223    1.22939    488
2.16223    1.25854    667
2.16223    1.28769    825
2.16223    1.31684    1347
2.16223    1.346      1549
2.16223    1.37515    1658
2.16223    1.4043     2220
2.16223    1.43345    2027
2.16223    1.4626     2661
2.16223    1.49175    2474
2.16223    1.5209     2411
2.16223    1.55005    291

2.19138    0.529763   11
2.19138    0.558914   78
2.19138    0.588065   86
2.19138    0.617216   90
2.19138    0.646367   215
2.19138    0.675519   419
2.19138    0.70467    561
2.19138    0.733821   810
2.19138    0.762972   1008
2.19138    0.792123   1330
2.19138    0.821275   1732
2.19138    0.850426   2291
2.19138    0.879577   2832
2.19138    0.908728   3467
2.19138    0.937879   3613
2.19138    0.96703    3784
2.19138    0.996182   3066
2.19138    1.02533    2125
2.19138    1.05448    619
2.19138    1.08364    214
2.19138    1.11279    16
2.19138    1.14194    108
2.19138    1.17109    320
2.19138    1.20024    718
2.19138    1.22939    898
2.19138    1.25854    1145
2.19138    1.28769    1482
2.19138    1.31684    1745
2.19138    1.346      2157
2.19138    1.37515    2121
2.19138    1.4043     2692
2.19138    1.43345    3263
2.19138    1.4626     3013
2.19138    1.49175    2779
2.19138    1.5209     314

2.22053    0.529763   25
2.22053    0.558914   65
2.22053    0.588065   53
2.22053    0.617216   151
2.22053    0.646367   206
2.22053    0.675519   334
2.22053    0.70467    543
2.22053    0.733821   724
2.22053    0.762972   859
2.22053    0.792123   1312
2.22053    0.821275   1378
2.22053    0.850426   2106
2.22053    0.879577   2471
2.22053    0.908728   2555
2.22053    0.937879   2630
2.22053    0.96703    2634
2.22053    0.996182   1544
2.22053    1.02533    847
2.22053    1.05448    188
2.22053    1.08364    43
2.22053    1.11279    132
2.22053    1.14194    449
2.22053    1.17109    814
2.22053    1.20024    1114
2.22053    1.22939    1651
2.22053    1.25854    2027
2.22053    1.28769    2372
2.22053    1.31684    2850
2.22053    1.346      2840
2.22053    1.37515    3228
2.22053    1.4043     3326
2.22053    1.43345    4018
2.22053    1.4626     3281
2.22053    1.49175    317

2.24968    0.500612   2
2.24968    0.529763   20
2.24968    0.558914   39
2.24968    0.588065   50
2.24968    0.617216   113
2.24968    0.646367   270
2.24968    0.675519   351
2.24968    0.70467    443
2.24968    0.733821   603
2.24968    0.762972   828
2.24968    0.792123   1026
2.24968    0.821275   1340
2.24968    0.850426   1454
2.24968    0.879577   1758
2.24968    0.908728   1862
2.24968    0.937879   1597
2.24968    0.96703    1423
2.24968    0.996182   707
2.24968    1.02533    199
2.24968    1.05448    60
2.24968    1.08364    314
2.24968    1.11279    714
2.24968    1.14194    1228
2.24968    1.17109    1603
2.24968    1.20024    2111
2.24968    1.22939    2621
2.24968    1.25854    2845
2.24968    1.28769    3124
2.24968    1.31684    3760
2.24968    1.346      3786
2.24968    1.37515    3995
2.24968    1.4043     3967
2.24968    1.43345    3967
2.24968    1.4626     398

2.27883    0.500612   1
2.27883    0.529763   19
2.27883    0.558914   36
2.27883    0.588065   46
2.27883    0.617216   129
2.27883    0.646367   200
2.27883    0.675519   345
2.27883    0.70467    391
2.27883    0.733821   513
2.27883    0.762972   660
2.27883    0.792123   854
2.27883    0.821275   992
2.27883    0.850426   1065
2.27883    0.879577   1208
2.27883    0.908728   1261
2.27883    0.937879   807
2.27883    0.96703    579
2.27883    0.996182   126
2.27883    1.02533    93
2.27883    1.05448    323
2.27883    1.08364    973
2.27883    1.11279    1629
2.27883    1.14194    2291
2.27883    1.17109    2719
2.27883    1.20024    3391
2.27883    1.22939    3686
2.27883    1.25854    4012
2.27883    1.28769    4043
2.27883    1.31684    4836
2.27883    1.346      5071
2.27883    1.37515    5264
2.27883    1.4043     4293
2.27883    1.43345    541

2.30798    0.500612   4
2.30798    0.529763   59
2.30798    0.558914   22
2.30798    0.588065   60
2.30798    0.617216   131
2.30798    0.646367   171
2.30798    0.675519   230
2.30798    0.70467    409
2.30798    0.733821   508
2.30798    0.762972   675
2.30798    0.792123   780
2.30798    0.821275   791
2.30798    0.850426   789
2.30798    0.879577   878
2.30798    0.908728   556
2.30798    0.937879   399
2.30798    0.96703    80
2.30798    0.996182   107
2.30798    1.02533    642
2.30798    1.05448    1531
2.30798    1.08364    2325
2.30798    1.11279    3015
2.30798    1.14194    3534
2.30798    1.17109    4304
2.30798    1.20024    4654
2.30798    1.22939    5482
2.30798    1.25854    5465
2.30798    1.28769    5935
2.30798    1.31684    5913
2.30798    1.346      6378
2.30798    1.37515    5532
2.30798    1.4043     268

2.33714    0.500612   25
2.33714    0.529763   10
2.33714    0.558914   65
2.33714    0.588065   105
2.33714    0.617216   200
2.33714    0.646367   183
2.33714    0.675519   295
2.33714    0.70467    340
2.33714    0.733821   373
2.33714    0.762972   476
2.33714    0.792123   456
2.33714    0.821275   538
2.33714    0.850426   555
2.33714    0.879577   291
2.33714    0.908728   244
2.33714    0.937879   59
2.33714    0.96703    113
2.33714    0.996182   694
2.33714    1.02533    1807
2.33714    1.05448    3206
2.33714    1.08364    4284
2.33714    1.11279    4971
2.33714    1.14194    5973
2.33714    1.17109    6367
2.33714    1.20024    6486
2.33714    1.22939    6786
2.33714    1.25854    6976
2.33714    1.28769    7729
2.33714    1.31684    7281
2.33714    1.346      4648
2.33714    1.37515    333

2.36629    0.47146    2
2.36629    0.500612   8
2.36629    0.529763   23
2.36629    0.558914   17
2.36629    0.588065   111
2.36629    0.617216   128
2.36629    0.646367   152
2.36629    0.675519   210
2.36629    0.70467    272
2.36629    0.733821   222
2.36629    0.762972   335
2.36629    0.792123   364
2.36629    0.821275   284
2.36629    0.850426   213
2.36629    0.879577   100
2.36629    0.908728   29
2.36629    0.937879   115
2.36629    0.96703    635
2.36629    0.996182   2033
2.36629    1.02533    3642
2.36629    1.05448    5598
2.36629    1.08364    6378
2.36629    1.11279    7371
2.36629    1.14194    8366
2.36629    1.17109    7929
2.36629    1.20024    8723
2.36629    1.22939    8964
2.36629    1.25854    9152
2.36629    1.28769    9537
2.36629    1.31684    7327
2.36629    1.346      245

2.39544    0.500612   2
2.39544    0.529763   21
2.39544    0.558914   36
2.39544    0.588065   77
2.39544    0.617216   74
2.39544    0.646367   111
2.39544    0.675519   148
2.39544    0.70467    255
2.39544    0.733821   237
2.39544    0.762972   197
2.39544    0.792123   223
2.39544    0.821275   135
2.39544    0.850426   125
2.39544    0.879577   15
2.39544    0.908728   75
2.39544    0.937879   716
2.39544    0.96703    1850
2.39544    0.996182   4183
2.39544    1.02533    6870
2.39544    1.05448    8456
2.39544    1.08364    9800
2.39544    1.11279    10958
2.39544    1.14194    11684
2.39544    1.17109    11884
2.39544    1.20024    11802
2.39544    1.22939    11280
2.39544    1.25854    11927
2.39544    1.28769    8148
2.39544    1.31684    285

2.42459    0.500612   3
2.42459    0.529763   13
2.42459    0.558914   24
2.42459    0.588065   43
2.42459    0.617216   60
2.42459    0.646367   88
2.42459    0.675519   129
2.42459    0.70467    184
2.42459    0.733821   170
2.42459    0.762972   110
2.42459    0.792123   80
2.42459    0.821275   40
2.42459    0.850426   10
2.42459    0.879577   68
2.42459    0.908728   438
2.42459    0.937879   1577
2.42459    0.96703    3906
2.42459    0.996182   6963
2.42459    1.02533    10982
2.42459    1.05448    13646
2.42459    1.08364    14791
2.42459    1.11279    14331
2.42459    1.14194    15111
2.42459    1.17109    15064
2.42459    1.20024    14372
2.42459    1.22939    15086
2.42459    1.25854    9486
2.42459    1.28769    188

2.45374    0.500612   7
2.45374    0.529763   11
2.45374    0.558914   4
2.45374    0.588065   22
2.45374    0.617216   32
2.45374    0.646367   94
2.45374    0.675519   97
2.45374    0.70467    79
2.45374    0.733821   105
2.45374    0.762972   77
2.45374    0.792123   19
2.45374    0.821275   6
2.45374    0.850426   56
2.45374    0.879577   396
2.45374    0.908728   1253
2.45374    0.937879   3085
2.45374    0.96703    6571
2.45374    0.996182   9959
2.45374    1.02533    16114
2.45374    1.05448    20008
2.45374    1.08364    20690
2.45374    1.11279    19605
2.45374    1.14194    19539
2.45374    1.17109    20177
2.45374    1.20024    18941
2.45374    1.22939    11665
2.45374    1.25854    141

2.48289    0.500612   12
2.48289    0.529763   4
2.48289    0.558914   23
2.48289    0.588065   32
2.48289    0.617216   30
2.48289    0.646367   112
2.48289    0.675519   44
2.48289    0.70467    75
2.48289    0.733821   40
2.48289    0.762972   11
2.48289    0.792123   1
2.48289    0.821275   64
2.48289    0.850426   266
2.48289    0.879577   823
2.48289    0.908728   2060
2.48289    0.937879   5532
2.48289    0.96703    10694
2.48289    0.996182   16098
2.48289    1.02533    23743
2.48289    1.05448    24831
2.48289    1.08364    26546
2.48289    1.11279    26457
2.48289    1.14194    24140
2.48289    1.17109    23518
2.48289    1.20024    12366
2.48289    1.22939    81

2.51204    0.47146    1
2.51204    0.500612   7
2.51204    0.529763   16
2.51204    0.558914   6
2.51204    0.588065   26
2.51204    0.617216   35
2.51204    0.646367   40
2.51204    0.675519   26
2.51204    0.70467    21
2.51204    0.733821   5
2.51204    0.792123   45
2.51204    0.821275   173
2.51204    0.850426   605
2.51204    0.879577   1709
2.51204    0.908728   3650
2.51204    0.937879   8082
2.51204    0.96703    14964
2.51204    0.996182   24550
2.51204    1.02533    30310
2.51204    1.05448    34741
2.51204    1.08364    34455
2.51204    1.11279    35277
2.51204    1.14194    30535
2.51204    1.17109    13627

2.54119    0.442309   2
2.54119    0.500612   5
2.54119    0.529763   17
2.54119    0.558914   31
2.54119    0.588065   23
2.54119    0.617216   19
2.54119    0.646367   26
2.54119    0.675519   8
2.54119    0.70467    4
2.54119    0.762972   13
2.54119    0.792123   119
2.54119    0.821275   440
2.54119    0.850426   1226
2.54119    0.879577   2353
2.54119    0.908728   5644
2.54119    0.937879   11974
2.54119    0.96703    20343
2.54119    0.996182   32944
2.54119    1.02533    40496
2.54119    1.05448    41986
2.54119    1.08364    42151
2.54119    1.11279    40801
2.54119    1.14194    16033

2.57035    0.529763   8
2.57035    0.558914   8
2.57035    0.588065   16
2.57035    0.617216   30
2.57035    0.646367   9
2.57035    0.675519   3
2.57035    0.70467    6
2.57035    0.733821   27
2.57035    0.762972   99
2.57035    0.792123   286
2.57035    0.821275   905
2.57035    0.850426   1971
2.57035    0.879577   4314
2.57035    0.908728   8333
2.57035    0.937879   14500
2.57035    0.96703    29163
2.57035    0.996182   41514
2.57035    1.02533    53326
2.57035    1.05448    55578
2.57035    1.08364    54974
2.57035    1.11279    16788

2.5995     0.529763   10
2.5995     0.558914   3
2.5995     0.588065   11
2.5995     0.70467    27
2.5995     0.733821   74
2.5995     0.762972   156
2.5995     0.792123   493
2.5995     0.821275   1204
2.5995     0.850426   3073
2.5995     0.879577   6336
2.5995     0.908728   12271
2.5995     0.937879   21744
2.5995     0.96703    34572
2.5995     0.996182   53125
2.5995     1.02533    62250
2.5995     1.05448    67583
2.5995     1.08364    21490

2.62865    0.588065   3
2.62865    0.617216   5
2.62865    0.675519   6
2.62865    0.70467    43
2.62865    0.733821   135
2.62865    0.762972   467
2.62865    0.792123   1010
2.62865    0.821275   1759
2.62865    0.850426   4098
2.62865    0.879577   7761
2.62865    0.908728   15963
2.62865    0.937879   27151
2.62865    0.96703    47345
2.62865    0.996182   68214
2.62865    1.02533    79071
2.62865    1.05448    20800

2.6578     0.558914   2
2.6578     0.617216   2
2.6578     0.646367   12
2.6578     0.675519   19
2.6578     0.70467    107
2.6578     0.733821   199
2.6578     0.762972   588
2.6578     0.792123   1194
2.6578     0.821275   2588
2.6578     0.850426   5578
2.6578     0.879577   10993
2.6578     0.908728   19236
2.6578     0.937879   33295
2.6578     0.96703    62159
2.6578     0.996182   68758
2.6578     1.02533    14338

2.68695    0.529763   6
2.68695    0.617216   21
2.68695    0.646367   20
2.68695    0.675519   58
2.68695    0.70467    177
2.68695    0.733821   373
2.68695    0.762972   816
2.68695    0.792123   2230
2.68695    0.821275   4279
2.68695    0.850426   6979
2.68695    0.879577   13383
2.68695    0.908728   25503
2.68695    0.937879   45584
2.68695    0.96703    59318
2.68695    0.996182   10165

2.7161     0.558914   3
2.7161     0.617216   8
2.7161     0.646367   71
2.7161     0.675519   177
2.7161     0.70467    302
2.7161     0.733821   708
2.7161     0.762972   1117
2.7161     0.792123   2488
2.7161     0.821275   5175
2.7161     0.850426   9142
2.7161     0.879577   16202
2.7161     0.908728   28984
2.7161     0.937879   38226
2.7161     0.96703    5157

2.74525    0.558914   14
2.74525    0.588065   31
2.74525    0.617216   44
2.74525    0.646367   155
2.74525    0.675519   209
2.74525    0.70467    478
2.74525    0.733821   922
2.74525    0.762972   1724
2.74525    0.792123   3615
2.74525    0.821275   6895
2.74525    0.850426   12427
2.74525    0.879577   22373
2.74525    0.908728   23179
2.74525    0.937879   1627

2.7744     0.588065   23
2.7744     0.617216   53
2.7744     0.646367   168
2.7744     0.675519   443
2.7744     0.70467    706
2.7744     0.733821   1308
2.7744     0.762972   2555
2.7744     0.792123   4730
2.7744     0.821275   9011
2.7744     0.850426   16130
2.7744     0.879577   13030
2.7744     0.908728   182

2.80356    0.529763   2
2.80356    0.558914   28
2.80356    0.588065   60
2.80356    0.617216   110
2.80356    0.646367   240
2.80356    0.675519   620
2.80356    0.70467    777
2.80356    0.733821   1855
2.80356    0.762972   3333
2.80356    0.792123   5286
2.80356    0.821275   10140
2.80356    0.850426   5896

2.83271    0.558914   5
2.83271    0.588065   57
2.83271    0.617216   120
2.83271    0.646367   243
2.83271    0.675519   484
2.83271    0.70467    1415
2.83271    0.733821   2268
2.83271    0.762972   4006
2.83271    0.792123   6521
2.83271    0.821275   2430

2.86186    0.500612   4
2.86186    0.529763   34
2.86186    0.558914   4
2.86186    0.588065   60
2.86186    0.617216   214
2.86186    0.646367   529
2.86186    0.675519   846
2.86186    0.70467    1780
2.86186    0.733821   2705
2.86186    0.762972   3461
2.86186    0.792123   616

2.89101    0.47146    10
2.89101    0.500612   8
2.89101    0.529763   10
2.89101    0.558914   44
2.89101    0.588065   159
2.89101    0.617216   366
2.89101    0.646367   579
2.89101    0.675519   979
2.89101    0.70467    1468
2.89101    0.733821   1451
2.89101    0.762972   3

2.92016    0.47146    1
2.92016    0.500612   7
2.92016    0.529763   38
2.92016    0.558914   72
2.92016    0.588065   167
2.92016    0.617216   405
2.92016    0.646367   797
2.92016    0.675519   1218
2.92016    0.70467    394

2.94931    0.500612   11
2.94931    0.529763   69
2.94931    0.558914   65
2.94931    0.588065   172
2.94931    0.617216   461
2.94931    0.646367   427
2.94931    0.675519   77

