0.413158   2.30798    8
0.413158   2.33714    11
0.413158   2.36629    11
0.413158   2.39544    30
0.413158   2.42459    4
0.413158   2.45374    24
0.413158   2.48289    19
0.413158   2.51204    5
0.413158   2.54119    23
0.413158   2.57035    37
0.413158   2.6578     18
0.413158   2.7161     12
0.413158   2.74525    13

0.442309   2.07478    3
0.442309   2.10393    74
0.442309   2.13308    41
0.442309   2.16223    54
0.442309   2.19138    54
0.442309   2.22053    66
0.442309   2.24968    89
0.442309   2.27883    39
0.442309   2.30798    95
0.442309   2.33714    48
0.442309   2.36629    35
0.442309   2.39544    18
0.442309   2.42459    27
0.442309   2.45374    33
0.442309   2.48289    34
0.442309   2.51204    9
0.442309   2.54119    23
0.442309   2.5995     1
0.442309   2.62865    11
0.442309   2.80356    42

0.47146    1.92902    17
0.47146    1.95817    63
0.47146    1.98732    99
0.47146    2.01647    128
0.47146    2.04562    283
0.47146    2.07478    196
0.47146    2.10393    98
0.47146    2.13308    128
0.47146    2.16223    93
0.47146    2.19138    92
0.47146    2.22053    146
0.47146    2.24968    74
0.47146    2.27883    29
0.47146    2.30798    70
0.47146    2.33714    25
0.47146    2.36629    20
0.47146    2.39544    7
0.47146    2.42459    28
0.47146    2.45374    30
0.47146    2.48289    44
0.47146    2.51204    3
0.47146    2.54119    12
0.47146    2.57035    3
0.47146    2.62865    5
0.47146    2.68695    5

0.500612   1.78326    1
0.500612   1.81241    75
0.500612   1.84157    282
0.500612   1.87072    312
0.500612   1.89987    371
0.500612   1.92902    332
0.500612   1.95817    315
0.500612   1.98732    250
0.500612   2.01647    181
0.500612   2.04562    170
0.500612   2.07478    246
0.500612   2.10393    164
0.500612   2.13308    166
0.500612   2.16223    61
0.500612   2.19138    94
0.500612   2.22053    53
0.500612   2.24968    11
0.500612   2.27883    94
0.500612   2.30798    17
0.500612   2.33714    9
0.500612   2.36629    60
0.500612   2.39544    38
0.500612   2.42459    1
0.500612   2.45374    21
0.500612   2.51204    17
0.500612   2.54119    1
0.500612   2.57035    9
0.500612   2.5995     5
0.500612   2.62865    1
0.500612   2.74525    18

0.529763   1.66666    14
0.529763   1.69581    185
0.529763   1.72496    364
0.529763   1.75411    528
0.529763   1.78326    576
0.529763   1.81241    548
0.529763   1.84157    473
0.529763   1.87072    448
0.529763   1.89987    433
0.529763   1.92902    238
0.529763   1.95817    276
0.529763   1.98732    270
0.529763   2.01647    216
0.529763   2.04562    204
0.529763   2.07478    87
0.529763   2.10393    168
0.529763   2.13308    142
0.529763   2.16223    74
0.529763   2.19138    44
0.529763   2.22053    70
0.529763   2.24968    57
0.529763   2.27883    21
0.529763   2.30798    124
0.529763   2.33714    39
0.529763   2.36629    49
0.529763   2.39544    20
0.529763   2.42459    22
0.529763   2.45374    18
0.529763   2.48289    43
0.529763   2.51204    40
0.529763   2.57035    4
0.529763   2.5995     12
0.529763   2.6578     6

0.558914   1.57921    40
0.558914   1.60836    413
0.558914   1.63751    818
0.558914   1.66666    803
0.558914   1.69581    681
0.558914   1.72496    622
0.558914   1.75411    614
0.558914   1.78326    633
0.558914   1.81241    455
0.558914   1.84157    255
0.558914   1.87072    365
0.558914   1.89987    246
0.558914   1.92902    278
0.558914   1.95817    255
0.558914   1.98732    131
0.558914   2.01647    127
0.558914   2.04562    175
0.558914   2.07478    129
0.558914   2.10393    109
0.558914   2.13308    60
0.558914   2.16223    58
0.558914   2.19138    108
0.558914   2.22053    14
0.558914   2.24968    94
0.558914   2.27883    74
0.558914   2.30798    46
0.558914   2.33714    48
0.558914   2.36629    35
0.558914   2.39544    38
0.558914   2.42459    18
0.558914   2.45374    20
0.558914   2.51204    15
0.558914   2.54119    18
0.558914   2.57035    11
0.558914   2.62865    1

0.588065   1.49175    7
0.588065   1.5209     307
0.588065   1.55005    1023
0.588065   1.57921    1099
0.588065   1.60836    1242
0.588065   1.63751    1054
0.588065   1.66666    726
0.588065   1.69581    730
0.588065   1.72496    756
0.588065   1.75411    568
0.588065   1.78326    442
0.588065   1.81241    452
0.588065   1.84157    449
0.588065   1.87072    294
0.588065   1.89987    279
0.588065   1.92902    159
0.588065   1.95817    239
0.588065   1.98732    174
0.588065   2.01647    148
0.588065   2.04562    115
0.588065   2.07478    89
0.588065   2.10393    64
0.588065   2.13308    86
0.588065   2.16223    109
0.588065   2.19138    107
0.588065   2.22053    22
0.588065   2.24968    33
0.588065   2.27883    43
0.588065   2.30798    34
0.588065   2.33714    52
0.588065   2.36629    24
0.588065   2.39544    16
0.588065   2.42459    16
0.588065   2.48289    7
0.588065   2.51204    19
0.588065   2.5995     1
0.588065   2.62865    1

0.617216   1.43345    337
0.617216   1.4626     1271
0.617216   1.49175    1934
0.617216   1.5209     1576
0.617216   1.55005    1312
0.617216   1.57921    1302
0.617216   1.60836    928
0.617216   1.63751    767
0.617216   1.66666    505
0.617216   1.69581    611
0.617216   1.72496    527
0.617216   1.75411    615
0.617216   1.78326    367
0.617216   1.81241    419
0.617216   1.84157    558
0.617216   1.87072    198
0.617216   1.89987    303
0.617216   1.92902    195
0.617216   1.95817    203
0.617216   1.98732    202
0.617216   2.01647    109
0.617216   2.04562    132
0.617216   2.07478    103
0.617216   2.10393    84
0.617216   2.13308    99
0.617216   2.16223    34
0.617216   2.19138    91
0.617216   2.22053    43
0.617216   2.24968    35
0.617216   2.27883    38
0.617216   2.30798    44
0.617216   2.33714    72
0.617216   2.36629    13
0.617216   2.39544    4
0.617216   2.45374    13
0.617216   2.48289    22

0.646367   1.346      13
0.646367   1.37515    998
0.646367   1.4043     2123
0.646367   1.43345    2399
0.646367   1.4626     1871
0.646367   1.49175    1823
0.646367   1.5209     1792
0.646367   1.55005    1392
0.646367   1.57921    1175
0.646367   1.60836    794
0.646367   1.63751    930
0.646367   1.66666    660
0.646367   1.69581    652
0.646367   1.72496    490
0.646367   1.75411    464
0.646367   1.78326    294
0.646367   1.81241    318
0.646367   1.84157    360
0.646367   1.87072    165
0.646367   1.89987    238
0.646367   1.92902    234
0.646367   1.95817    125
0.646367   1.98732    129
0.646367   2.01647    66
0.646367   2.04562    97
0.646367   2.07478    72
0.646367   2.10393    66
0.646367   2.13308    38
0.646367   2.16223    45
0.646367   2.19138    21
0.646367   2.22053    32
0.646367   2.24968    23
0.646367   2.27883    10
0.646367   2.30798    15
0.646367   2.33714    28
0.646367   2.36629    13
0.646367   2.42459    3
0.646367   2.45374    6
0.646367   2.48289    2
0.646367   2.62865    12

0.675519   1.28769    84
0.675519   1.31684    1689
0.675519   1.346      3752
0.675519   1.37515    3461
0.675519   1.4043     2836
0.675519   1.43345    2272
0.675519   1.4626     2219
0.675519   1.49175    1837
0.675519   1.5209     1604
0.675519   1.55005    1286
0.675519   1.57921    1011
0.675519   1.60836    927
0.675519   1.63751    638
0.675519   1.66666    609
0.675519   1.69581    407
0.675519   1.72496    513
0.675519   1.75411    355
0.675519   1.78326    358
0.675519   1.81241    247
0.675519   1.84157    293
0.675519   1.87072    293
0.675519   1.89987    189
0.675519   1.92902    137
0.675519   1.95817    129
0.675519   1.98732    106
0.675519   2.01647    66
0.675519   2.04562    85
0.675519   2.07478    68
0.675519   2.10393    70
0.675519   2.13308    57
0.675519   2.16223    19
0.675519   2.19138    31
0.675519   2.22053    32
0.675519   2.24968    62
0.675519   2.27883    14
0.675519   2.30798    9
0.675519   2.33714    22
0.675519   2.36629    17
0.675519   2.39544    18
0.675519   2.42459    21

0.70467    1.22939    1
0.70467    1.25854    2027
0.70467    1.28769    5405
0.70467    1.31684    4482
0.70467    1.346      3978
0.70467    1.37515    3189
0.70467    1.4043     2565
0.70467    1.43345    2391
0.70467    1.4626     1599
0.70467    1.49175    1816
0.70467    1.5209     1101
0.70467    1.55005    933
0.70467    1.57921    820
0.70467    1.60836    712
0.70467    1.63751    701
0.70467    1.66666    526
0.70467    1.69581    530
0.70467    1.72496    551
0.70467    1.75411    340
0.70467    1.78326    243
0.70467    1.81241    203
0.70467    1.84157    273
0.70467    1.87072    297
0.70467    1.89987    153
0.70467    1.92902    227
0.70467    1.95817    102
0.70467    1.98732    114
0.70467    2.01647    61
0.70467    2.04562    18
0.70467    2.07478    70
0.70467    2.10393    55
0.70467    2.13308    53
0.70467    2.16223    49
0.70467    2.19138    35
0.70467    2.22053    31
0.70467    2.24968    15
0.70467    2.27883    8
0.70467    2.30798    6
0.70467    2.36629    1
0.70467    2.45374    3
0.70467    2.86186    23

0.733821   1.20024    2388
0.733821   1.22939    7451
0.733821   1.25854    6746
0.733821   1.28769    5182
0.733821   1.31684    4372
0.733821   1.346      3431
0.733821   1.37515    3014
0.733821   1.4043     2335
0.733821   1.43345    2044
0.733821   1.4626     1671
0.733821   1.49175    1442
0.733821   1.5209     1110
0.733821   1.55005    1142
0.733821   1.57921    879
0.733821   1.60836    570
0.733821   1.63751    722
0.733821   1.66666    521
0.733821   1.69581    525
0.733821   1.72496    381
0.733821   1.75411    424
0.733821   1.78326    251
0.733821   1.81241    217
0.733821   1.84157    235
0.733821   1.87072    127
0.733821   1.89987    175
0.733821   1.92902    91
0.733821   1.95817    91
0.733821   1.98732    97
0.733821   2.01647    110
0.733821   2.04562    61
0.733821   2.07478    87
0.733821   2.10393    58
0.733821   2.13308    21
0.733821   2.16223    15
0.733821   2.19138    12
0.733821   2.22053    38
0.733821   2.24968    6
0.733821   2.27883    11
0.733821   2.30798    20
0.733821   2.33714    8
0.733821   2.74525    2

0.762972   1.14194    834
0.762972   1.17109    8742
0.762972   1.20024    11335
0.762972   1.22939    8911
0.762972   1.25854    6801
0.762972   1.28769    4941
0.762972   1.31684    4095
0.762972   1.346      3339
0.762972   1.37515    2816
0.762972   1.4043     2213
0.762972   1.43345    1835
0.762972   1.4626     1689
0.762972   1.49175    1650
0.762972   1.5209     933
0.762972   1.55005    708
0.762972   1.57921    838
0.762972   1.60836    752
0.762972   1.63751    688
0.762972   1.66666    594
0.762972   1.69581    487
0.762972   1.72496    219
0.762972   1.75411    289
0.762972   1.78326    193
0.762972   1.81241    251
0.762972   1.84157    138
0.762972   1.87072    172
0.762972   1.89987    154
0.762972   1.92902    121
0.762972   1.95817    72
0.762972   1.98732    66
0.762972   2.01647    107
0.762972   2.04562    40
0.762972   2.07478    37
0.762972   2.10393    15
0.762972   2.13308    19
0.762972   2.16223    15
0.762972   2.19138    18
0.762972   2.22053    34
0.762972   2.24968    8
0.762972   2.30798    14
0.762972   2.36629    2
0.762972   2.42459    1
0.762972   2.80356    4

0.792123   1.11279    4887
0.792123   1.14194    15132
0.792123   1.17109    13204
0.792123   1.20024    10142
0.792123   1.22939    7737
0.792123   1.25854    6416
0.792123   1.28769    4355
0.792123   1.31684    3871
0.792123   1.346      2936
0.792123   1.37515    2571
0.792123   1.4043     1997
0.792123   1.43345    1607
0.792123   1.4626     1387
0.792123   1.49175    1183
0.792123   1.5209     915
0.792123   1.55005    960
0.792123   1.57921    530
0.792123   1.60836    741
0.792123   1.63751    338
0.792123   1.66666    533
0.792123   1.69581    351
0.792123   1.72496    332
0.792123   1.75411    352
0.792123   1.78326    229
0.792123   1.81241    228
0.792123   1.84157    116
0.792123   1.87072    84
0.792123   1.89987    43
0.792123   1.92902    104
0.792123   1.95817    64
0.792123   1.98732    82
0.792123   2.01647    32
0.792123   2.04562    10
0.792123   2.07478    46
0.792123   2.10393    21
0.792123   2.13308    23
0.792123   2.16223    12
0.792123   2.19138    23
0.792123   2.22053    7
0.792123   2.24968    10
0.792123   2.27883    6
0.792123   2.30798    10
0.792123   2.39544    4

0.821275   1.05448    491
0.821275   1.08364    16023
0.821275   1.11279    24611
0.821275   1.14194    16817
0.821275   1.17109    12546
0.821275   1.20024    9700
0.821275   1.22939    7268
0.821275   1.25854    5533
0.821275   1.28769    4565
0.821275   1.31684    3509
0.821275   1.346      2887
0.821275   1.37515    2234
0.821275   1.4043     1623
0.821275   1.43345    1439
0.821275   1.4626     1246
0.821275   1.49175    1212
0.821275   1.5209     814
0.821275   1.55005    760
0.821275   1.57921    592
0.821275   1.60836    470
0.821275   1.63751    506
0.821275   1.66666    418
0.821275   1.69581    236
0.821275   1.72496    212
0.821275   1.75411    234
0.821275   1.78326    160
0.821275   1.81241    138
0.821275   1.84157    164
0.821275   1.87072    130
0.821275   1.89987    94
0.821275   1.92902    57
0.821275   1.95817    32
0.821275   1.98732    37
0.821275   2.01647    37
0.821275   2.04562    18
0.821275   2.07478    14
0.821275   2.10393    15
0.821275   2.13308    40
0.821275   2.16223    12
0.821275   2.19138    12
0.821275   2.22053    10
0.821275   2.24968    6
0.821275   2.27883    2
0.821275   2.57035    10
0.821275   2.68695    10
0.821275   2.7744     13

0.850426   1.02533    4118
0.850426   1.05448    31037
0.850426   1.08364    32134
0.850426   1.11279    22720
0.850426   1.14194    17432
0.850426   1.17109    12084
0.850426   1.20024    8577
0.850426   1.22939    6545
0.850426   1.25854    5447
0.850426   1.28769    4021
0.850426   1.31684    3197
0.850426   1.346      2441
0.850426   1.37515    2052
0.850426   1.4043     1773
0.850426   1.43345    1280
0.850426   1.4626     1078
0.850426   1.49175    979
0.850426   1.5209     909
0.850426   1.55005    762
0.850426   1.57921    479
0.850426   1.60836    353
0.850426   1.63751    458
0.850426   1.66666    343
0.850426   1.69581    267
0.850426   1.72496    346
0.850426   1.75411    183
0.850426   1.78326    215
0.850426   1.81241    119
0.850426   1.84157    134
0.850426   1.87072    113
0.850426   1.89987    100
0.850426   1.92902    40
0.850426   1.95817    53
0.850426   1.98732    38
0.850426   2.01647    36
0.850426   2.04562    18
0.850426   2.07478    49
0.850426   2.10393    15
0.850426   2.13308    3
0.850426   2.19138    11
0.850426   2.22053    4
0.850426   2.57035    4
0.850426   2.7161     16

0.879577   0.996182   8221
0.879577   1.02533    44410
0.879577   1.05448    40016
0.879577   1.08364    28364
0.879577   1.11279    20581
0.879577   1.14194    15656
0.879577   1.17109    10927
0.879577   1.20024    7966
0.879577   1.22939    6459
0.879577   1.25854    4567
0.879577   1.28769    3292
0.879577   1.31684    2872
0.879577   1.346      2428
0.879577   1.37515    1608
0.879577   1.4043     1583
0.879577   1.43345    1185
0.879577   1.4626     1115
0.879577   1.49175    691
0.879577   1.5209     781
0.879577   1.55005    472
0.879577   1.57921    555
0.879577   1.60836    472
0.879577   1.63751    434
0.879577   1.66666    263
0.879577   1.69581    176
0.879577   1.72496    248
0.879577   1.75411    173
0.879577   1.78326    143
0.879577   1.81241    117
0.879577   1.84157    93
0.879577   1.87072    86
0.879577   1.89987    71
0.879577   1.92902    24
0.879577   1.95817    46
0.879577   1.98732    31
0.879577   2.01647    15
0.879577   2.04562    5
0.879577   2.07478    32
0.879577   2.10393    3
0.879577   2.13308    22
0.879577   2.16223    2
0.879577   2.19138    1
0.879577   2.22053    1
0.879577   2.48289    5
0.879577   2.54119    17
0.879577   2.7161     8

0.908728   0.96703    10888
0.908728   0.996182   47507
0.908728   1.02533    48396
0.908728   1.05448    35803
0.908728   1.08364    26716
0.908728   1.11279    19085
0.908728   1.14194    14044
0.908728   1.17109    10329
0.908728   1.20024    7577
0.908728   1.22939    5027
0.908728   1.25854    3957
0.908728   1.28769    3561
0.908728   1.31684    2804
0.908728   1.346      2407
0.908728   1.37515    1610
0.908728   1.4043     1430
0.908728   1.43345    1122
0.908728   1.4626     992
0.908728   1.49175    772
0.908728   1.5209     530
0.908728   1.55005    515
0.908728   1.57921    457
0.908728   1.60836    431
0.908728   1.63751    309
0.908728   1.66666    220
0.908728   1.69581    251
0.908728   1.72496    183
0.908728   1.75411    171
0.908728   1.78326    68
0.908728   1.81241    73
0.908728   1.84157    99
0.908728   1.87072    87
0.908728   1.89987    16
0.908728   1.92902    48
0.908728   1.95817    20
0.908728   1.98732    23
0.908728   2.01647    11
0.908728   2.04562    29
0.908728   2.07478    31
0.908728   2.10393    1
0.908728   2.16223    1
0.908728   2.27883    2
0.908728   2.54119    6
0.908728   2.57035    3
0.908728   2.6578     2

0.937879   0.937879   9637
0.937879   0.96703    44313
0.937879   0.996182   47398
0.937879   1.02533    43273
0.937879   1.05448    34709
0.937879   1.08364    24243
0.937879   1.11279    17260
0.937879   1.14194    14105
0.937879   1.17109    9869
0.937879   1.20024    6368
0.937879   1.22939    5760
0.937879   1.25854    3662
0.937879   1.28769    2920
0.937879   1.31684    2555
0.937879   1.346      1832
0.937879   1.37515    1435
0.937879   1.4043     1280
0.937879   1.43345    1090
0.937879   1.4626     857
0.937879   1.49175    748
0.937879   1.5209     551
0.937879   1.55005    451
0.937879   1.57921    367
0.937879   1.60836    268
0.937879   1.63751    266
0.937879   1.66666    151
0.937879   1.69581    195
0.937879   1.72496    149
0.937879   1.75411    206
0.937879   1.78326    108
0.937879   1.81241    65
0.937879   1.84157    36
0.937879   1.87072    36
0.937879   1.89987    39
0.937879   1.92902    19
0.937879   1.95817    14
0.937879   1.98732    22
0.937879   2.01647    23
0.937879   2.04562    3
0.937879   2.07478    8
0.937879   2.10393    2
0.937879   2.16223    1
0.937879   2.36629    1
0.937879   2.45374    7
0.937879   2.6578     8
0.937879   2.68695    21
0.937879   2.7161     5

0.96703    0.908728   5751
0.96703    0.937879   34755
0.96703    0.96703    43980
0.96703    0.996182   47448
0.96703    1.02533    41210
0.96703    1.05448    31201
0.96703    1.08364    22691
0.96703    1.11279    16628
0.96703    1.14194    11994
0.96703    1.17109    8668
0.96703    1.20024    6469
0.96703    1.22939    4736
0.96703    1.25854    3785
0.96703    1.28769    2920
0.96703    1.31684    2365
0.96703    1.346      1710
0.96703    1.37515    1429
0.96703    1.4043     990
0.96703    1.43345    788
0.96703    1.4626     745
0.96703    1.49175    589
0.96703    1.5209     537
0.96703    1.55005    400
0.96703    1.57921    512
0.96703    1.60836    241
0.96703    1.63751    244
0.96703    1.66666    174
0.96703    1.69581    160
0.96703    1.72496    79
0.96703    1.75411    104
0.96703    1.78326    66
0.96703    1.81241    60
0.96703    1.84157    28
0.96703    1.87072    24
0.96703    1.89987    23
0.96703    1.92902    41
0.96703    1.95817    17
0.96703    1.98732    21
0.96703    2.01647    7
0.96703    2.04562    4
0.96703    2.07478    11
0.96703    2.10393    1
0.96703    2.27883    6
0.96703    2.39544    1
0.96703    2.42459    3
0.96703    2.51204    7
0.96703    2.57035    10
0.96703    2.5995     5
0.96703    2.68695    32
0.96703    2.7161     11

0.996182   0.879577   3697
0.996182   0.908728   23242
0.996182   0.937879   34581
0.996182   0.96703    40058
0.996182   0.996182   42759
0.996182   1.02533    38716
0.996182   1.05448    29682
0.996182   1.08364    21596
0.996182   1.11279    15065
0.996182   1.14194    11447
0.996182   1.17109    7640
0.996182   1.20024    5857
0.996182   1.22939    4312
0.996182   1.25854    3219
0.996182   1.28769    2481
0.996182   1.31684    2165
0.996182   1.346      1460
0.996182   1.37515    1322
0.996182   1.4043     991
0.996182   1.43345    713
0.996182   1.4626     653
0.996182   1.49175    432
0.996182   1.5209     411
0.996182   1.55005    402
0.996182   1.57921    337
0.996182   1.60836    186
0.996182   1.63751    221
0.996182   1.66666    86
0.996182   1.69581    108
0.996182   1.72496    79
0.996182   1.75411    79
0.996182   1.78326    43
0.996182   1.81241    25
0.996182   1.84157    23
0.996182   1.87072    24
0.996182   1.89987    17
0.996182   1.92902    11
0.996182   1.95817    8
0.996182   2.10393    1
0.996182   2.13308    4
0.996182   2.30798    3
0.996182   2.33714    2
0.996182   2.36629    14
0.996182   2.39544    9
0.996182   2.42459    19
0.996182   2.51204    17
0.996182   2.54119    3
0.996182   2.57035    14
0.996182   2.5995     17
0.996182   2.62865    14

1.02533    0.850426   1216
1.02533    0.879577   17556
1.02533    0.908728   23429
1.02533    0.937879   29750
1.02533    0.96703    36816
1.02533    0.996182   39187
1.02533    1.02533    33950
1.02533    1.05448    27319
1.02533    1.08364    19429
1.02533    1.11279    14167
1.02533    1.14194    9029
1.02533    1.17109    7388
1.02533    1.20024    5391
1.02533    1.22939    4138
1.02533    1.25854    3091
1.02533    1.28769    2296
1.02533    1.31684    1913
1.02533    1.346      1431
1.02533    1.37515    1098
1.02533    1.4043     872
1.02533    1.43345    721
1.02533    1.4626     519
1.02533    1.49175    510
1.02533    1.5209     324
1.02533    1.55005    274
1.02533    1.57921    309
1.02533    1.60836    196
1.02533    1.63751    89
1.02533    1.66666    118
1.02533    1.69581    92
1.02533    1.72496    74
1.02533    1.75411    63
1.02533    1.78326    50
1.02533    1.81241    52
1.02533    1.84157    20
1.02533    1.87072    15
1.02533    1.89987    1
1.02533    1.92902    5
1.02533    1.95817    5
1.02533    1.98732    1
1.02533    2.22053    2
1.02533    2.24968    6
1.02533    2.27883    19
1.02533    2.30798    9
1.02533    2.33714    8
1.02533    2.36629    6
1.02533    2.39544    1
1.02533    2.48289    11
1.02533    2.51204    19
1.02533    2.54119    14
1.02533    2.57035    1

1.05448    0.821275   146
1.05448    0.850426   10658
1.05448    0.879577   17905
1.05448    0.908728   22076
1.05448    0.937879   28530
1.05448    0.96703    34069
1.05448    0.996182   33943
1.05448    1.02533    33133
1.05448    1.05448    25229
1.05448    1.08364    17473
1.05448    1.11279    12096
1.05448    1.14194    9369
1.05448    1.17109    6084
1.05448    1.20024    4521
1.05448    1.22939    3477
1.05448    1.25854    2518
1.05448    1.28769    1752
1.05448    1.31684    1597
1.05448    1.346      1073
1.05448    1.37515    1020
1.05448    1.4043     721
1.05448    1.43345    542
1.05448    1.4626     484
1.05448    1.49175    443
1.05448    1.5209     311
1.05448    1.55005    235
1.05448    1.57921    209
1.05448    1.60836    126
1.05448    1.63751    119
1.05448    1.66666    113
1.05448    1.69581    83
1.05448    1.72496    23
1.05448    1.75411    51
1.05448    1.78326    16
1.05448    1.81241    41
1.05448    1.84157    14
1.05448    1.87072    15
1.05448    1.92902    13
1.05448    1.95817    2
1.05448    2.01647    1
1.05448    2.13308    1
1.05448    2.16223    1
1.05448    2.19138    10
1.05448    2.22053    5
1.05448    2.24968    7
1.05448    2.27883    1
1.05448    2.30798    7
1.05448    2.33714    6
1.05448    2.36629    7
1.05448    2.42459    9
1.05448    2.45374    11
1.05448    2.48289    8
1.05448    2.51204    15
1.05448    2.54119    12
1.05448    2.5995     32

1.08364    0.821275   5515
1.08364    0.850426   12151
1.08364    0.879577   15601
1.08364    0.908728   21298
1.08364    0.937879   28430
1.08364    0.96703    32551
1.08364    0.996182   34567
1.08364    1.02533    29866
1.08364    1.05448    23164
1.08364    1.08364    17502
1.08364    1.11279    11911
1.08364    1.14194    8467
1.08364    1.17109    6094
1.08364    1.20024    4109
1.08364    1.22939    3100
1.08364    1.25854    2496
1.08364    1.28769    1679
1.08364    1.31684    1476
1.08364    1.346      1091
1.08364    1.37515    868
1.08364    1.4043     659
1.08364    1.43345    525
1.08364    1.4626     462
1.08364    1.49175    291
1.08364    1.5209     280
1.08364    1.55005    278
1.08364    1.57921    157
1.08364    1.60836    102
1.08364    1.63751    72
1.08364    1.66666    42
1.08364    1.69581    59
1.08364    1.72496    29
1.08364    1.75411    34
1.08364    1.78326    25
1.08364    1.81241    21
1.08364    1.84157    5
1.08364    1.87072    12
1.08364    1.92902    2
1.08364    2.07478    1
1.08364    2.10393    9
1.08364    2.13308    1
1.08364    2.19138    12
1.08364    2.24968    6
1.08364    2.27883    11
1.08364    2.30798    6
1.08364    2.33714    8
1.08364    2.36629    15
1.08364    2.39544    8
1.08364    2.42459    31
1.08364    2.45374    17
1.08364    2.48289    8
1.08364    2.54119    4
1.08364    2.57035    19

1.11279    0.792123   2141
1.11279    0.821275   10015
1.11279    0.850426   11589
1.11279    0.879577   15865
1.11279    0.908728   19686
1.11279    0.937879   25152
1.11279    0.96703    27868
1.11279    0.996182   30213
1.11279    1.02533    28318
1.11279    1.05448    21915
1.11279    1.08364    15483
1.11279    1.11279    11265
1.11279    1.14194    7453
1.11279    1.17109    5241
1.11279    1.20024    4010
1.11279    1.22939    2814
1.11279    1.25854    2027
1.11279    1.28769    1584
1.11279    1.31684    1151
1.11279    1.346      1025
1.11279    1.37515    791
1.11279    1.4043     550
1.11279    1.43345    454
1.11279    1.4626     350
1.11279    1.49175    249
1.11279    1.5209     190
1.11279    1.55005    110
1.11279    1.57921    164
1.11279    1.60836    76
1.11279    1.63751    70
1.11279    1.66666    67
1.11279    1.69581    48
1.11279    1.72496    29
1.11279    1.75411    29
1.11279    1.78326    18
1.11279    1.81241    10
1.11279    1.84157    2
1.11279    1.87072    5
1.11279    2.04562    7
1.11279    2.07478    2
1.11279    2.10393    4
1.11279    2.13308    1
1.11279    2.19138    6
1.11279    2.22053    9
1.11279    2.24968    7
1.11279    2.27883    9
1.11279    2.30798    27
1.11279    2.33714    20
1.11279    2.36629    16
1.11279    2.39544    9
1.11279    2.42459    7
1.11279    2.45374    8
1.11279    2.48289    3
1.11279    2.51204    2
1.11279    2.54119    35

1.14194    0.762972   387
1.14194    0.792123   6726
1.14194    0.821275   9201
1.14194    0.850426   12524
1.14194    0.879577   14350
1.14194    0.908728   16907
1.14194    0.937879   22750
1.14194    0.96703    27499
1.14194    0.996182   29157
1.14194    1.02533    25148
1.14194    1.05448    19196
1.14194    1.08364    13633
1.14194    1.11279    9380
1.14194    1.14194    6999
1.14194    1.17109    4864
1.14194    1.20024    3589
1.14194    1.22939    2490
1.14194    1.25854    1647
1.14194    1.28769    1231
1.14194    1.31684    1070
1.14194    1.346      714
1.14194    1.37515    558
1.14194    1.4043     450
1.14194    1.43345    345
1.14194    1.4626     320
1.14194    1.49175    213
1.14194    1.5209     160
1.14194    1.55005    141
1.14194    1.57921    112
1.14194    1.60836    60
1.14194    1.63751    38
1.14194    1.66666    33
1.14194    1.69581    26
1.14194    1.72496    14
1.14194    1.75411    15
1.14194    1.78326    8
1.14194    1.81241    2
1.14194    1.84157    5
1.14194    2.04562    5
1.14194    2.07478    4
1.14194    2.10393    6
1.14194    2.13308    6
1.14194    2.16223    19
1.14194    2.19138    9
1.14194    2.22053    7
1.14194    2.24968    29
1.14194    2.27883    9
1.14194    2.30798    1
1.14194    2.33714    19
1.14194    2.36629    23
1.14194    2.39544    24
1.14194    2.42459    1
1.14194    2.45374    7
1.14194    2.48289    24
1.14194    2.51204    25

1.17109    0.762972   3062
1.17109    0.792123   7352
1.17109    0.821275   8407
1.17109    0.850426   10546
1.17109    0.879577   13067
1.17109    0.908728   17996
1.17109    0.937879   20695
1.17109    0.96703    24466
1.17109    0.996182   25755
1.17109    1.02533    23138
1.17109    1.05448    16983
1.17109    1.08364    12847
1.17109    1.11279    8424
1.17109    1.14194    5632
1.17109    1.17109    3980
1.17109    1.20024    2793
1.17109    1.22939    2127
1.17109    1.25854    1482
1.17109    1.28769    1287
1.17109    1.31684    816
1.17109    1.346      739
1.17109    1.37515    584
1.17109    1.4043     318
1.17109    1.43345    298
1.17109    1.4626     288
1.17109    1.49175    145
1.17109    1.5209     117
1.17109    1.55005    85
1.17109    1.57921    76
1.17109    1.60836    64
1.17109    1.63751    29
1.17109    1.66666    34
1.17109    1.69581    16
1.17109    1.72496    2
1.17109    1.75411    3
1.17109    1.78326    1
1.17109    1.89987    4
1.17109    1.98732    8
1.17109    2.04562    2
1.17109    2.10393    7
1.17109    2.13308    11
1.17109    2.16223    1
1.17109    2.19138    12
1.17109    2.22053    22
1.17109    2.24968    16
1.17109    2.27883    23
1.17109    2.30798    14
1.17109    2.33714    21
1.17109    2.36629    15
1.17109    2.39544    1
1.17109    2.42459    15
1.17109    2.45374    9
1.17109    2.48289    30
1.17109    2.51204    2

1.20024    0.733821   957
1.20024    0.762972   5388
1.20024    0.792123   6680
1.20024    0.821275   7940
1.20024    0.850426   9388
1.20024    0.879577   12091
1.20024    0.908728   15176
1.20024    0.937879   19448
1.20024    0.96703    22732
1.20024    0.996182   22738
1.20024    1.02533    20042
1.20024    1.05448    14966
1.20024    1.08364    10763
1.20024    1.11279    7727
1.20024    1.14194    5165
1.20024    1.17109    3520
1.20024    1.20024    2670
1.20024    1.22939    1835
1.20024    1.25854    1306
1.20024    1.28769    951
1.20024    1.31684    741
1.20024    1.346      583
1.20024    1.37515    397
1.20024    1.4043     286
1.20024    1.43345    264
1.20024    1.4626     159
1.20024    1.49175    153
1.20024    1.5209     88
1.20024    1.55005    76
1.20024    1.57921    57
1.20024    1.60836    36
1.20024    1.63751    27
1.20024    1.66666    16
1.20024    1.69581    3
1.20024    1.72496    9
1.20024    1.81241    3
1.20024    1.89987    2
1.20024    1.92902    6
1.20024    1.95817    5
1.20024    1.98732    8
1.20024    2.01647    7
1.20024    2.04562    3
1.20024    2.07478    29
1.20024    2.10393    9
1.20024    2.13308    25
1.20024    2.16223    25
1.20024    2.19138    13
1.20024    2.22053    8
1.20024    2.24968    43
1.20024    2.27883    37
1.20024    2.30798    38
1.20024    2.33714    5
1.20024    2.36629    66
1.20024    2.39544    18
1.20024    2.42459    39
1.20024    2.45374    20
1.20024    2.48289    51

1.22939    0.70467    8
1.22939    0.733821   3920
1.22939    0.762972   5069
1.22939    0.792123   5716
1.22939    0.821275   7595
1.22939    0.850426   8957
1.22939    0.879577   10876
1.22939    0.908728   13414
1.22939    0.937879   17432
1.22939    0.96703    19583
1.22939    0.996182   21721
1.22939    1.02533    18383
1.22939    1.05448    13640
1.22939    1.08364    10357
1.22939    1.11279    6749
1.22939    1.14194    4575
1.22939    1.17109    3344
1.22939    1.20024    2182
1.22939    1.22939    1650
1.22939    1.25854    1151
1.22939    1.28769    768
1.22939    1.31684    609
1.22939    1.346      514
1.22939    1.37515    358
1.22939    1.4043     260
1.22939    1.43345    268
1.22939    1.4626     122
1.22939    1.49175    127
1.22939    1.5209     56
1.22939    1.55005    57
1.22939    1.57921    29
1.22939    1.60836    8
1.22939    1.63751    15
1.22939    1.66666    10
1.22939    1.89987    9
1.22939    1.92902    6
1.22939    1.95817    1
1.22939    1.98732    10
1.22939    2.01647    28
1.22939    2.04562    10
1.22939    2.07478    16
1.22939    2.10393    31
1.22939    2.13308    15
1.22939    2.16223    31
1.22939    2.19138    19
1.22939    2.22053    29
1.22939    2.24968    26
1.22939    2.27883    38
1.22939    2.30798    17
1.22939    2.33714    60
1.22939    2.36629    9
1.22939    2.39544    24
1.22939    2.42459    41
1.22939    2.45374    8

1.25854    0.70467    1205
1.25854    0.733821   3908
1.25854    0.762972   4638
1.25854    0.792123   5471
1.25854    0.821275   6815
1.25854    0.850426   7878
1.25854    0.879577   10180
1.25854    0.908728   12661
1.25854    0.937879   15663
1.25854    0.96703    18115
1.25854    0.996182   18833
1.25854    1.02533    15804
1.25854    1.05448    11974
1.25854    1.08364    8422
1.25854    1.11279    5716
1.25854    1.14194    3946
1.25854    1.17109    3006
1.25854    1.20024    1910
1.25854    1.22939    1284
1.25854    1.25854    865
1.25854    1.28769    594
1.25854    1.31684    487
1.25854    1.346      412
1.25854    1.37515    327
1.25854    1.4043     219
1.25854    1.43345    176
1.25854    1.4626     97
1.25854    1.49175    54
1.25854    1.5209     42
1.25854    1.55005    26
1.25854    1.57921    8
1.25854    1.60836    18
1.25854    1.63751    12
1.25854    1.66666    2
1.25854    1.81241    7
1.25854    1.84157    1
1.25854    1.87072    6
1.25854    1.89987    13
1.25854    1.92902    9
1.25854    1.95817    26
1.25854    1.98732    15
1.25854    2.01647    30
1.25854    2.04562    18
1.25854    2.07478    29
1.25854    2.10393    19
1.25854    2.13308    32
1.25854    2.16223    46
1.25854    2.19138    24
1.25854    2.22053    9
1.25854    2.24968    21
1.25854    2.27883    22
1.25854    2.30798    1
1.25854    2.33714    56
1.25854    2.36629    30
1.25854    2.39544    22
1.25854    2.42459    1

1.28769    0.675519   60
1.28769    0.70467    2098
1.28769    0.733821   3737
1.28769    0.762972   4314
1.28769    0.792123   5090
1.28769    0.821275   6298
1.28769    0.850426   7293
1.28769    0.879577   8595
1.28769    0.908728   12033
1.28769    0.937879   14208
1.28769    0.96703    16164
1.28769    0.996182   16981
1.28769    1.02533    14916
1.28769    1.05448    10457
1.28769    1.08364    7827
1.28769    1.11279    4887
1.28769    1.14194    3630
1.28769    1.17109    2355
1.28769    1.20024    1557
1.28769    1.22939    1144
1.28769    1.25854    854
1.28769    1.28769    544
1.28769    1.31684    416
1.28769    1.346      250
1.28769    1.37515    176
1.28769    1.4043     117
1.28769    1.43345    124
1.28769    1.4626     81
1.28769    1.49175    52
1.28769    1.5209     24
1.28769    1.55005    19
1.28769    1.57921    1
1.28769    1.60836    1
1.28769    1.75411    15
1.28769    1.78326    6
1.28769    1.81241    5
1.28769    1.87072    18
1.28769    1.89987    19
1.28769    1.92902    8
1.28769    1.95817    25
1.28769    1.98732    26
1.28769    2.01647    15
1.28769    2.04562    41
1.28769    2.07478    23
1.28769    2.10393    32
1.28769    2.13308    25
1.28769    2.16223    59
1.28769    2.19138    76
1.28769    2.22053    52
1.28769    2.24968    23
1.28769    2.27883    45
1.28769    2.30798    33
1.28769    2.33714    6
1.28769    2.36629    74
1.28769    2.39544    50

1.31684    0.675519   907
1.31684    0.70467    3187
1.31684    0.733821   3391
1.31684    0.762972   3829
1.31684    0.792123   4351
1.31684    0.821275   5752
1.31684    0.850426   7035
1.31684    0.879577   7978
1.31684    0.908728   9847
1.31684    0.937879   12602
1.31684    0.96703    14370
1.31684    0.996182   14321
1.31684    1.02533    12504
1.31684    1.05448    9387
1.31684    1.08364    6755
1.31684    1.11279    4674
1.31684    1.14194    2928
1.31684    1.17109    2108
1.31684    1.20024    1401
1.31684    1.22939    813
1.31684    1.25854    713
1.31684    1.28769    507
1.31684    1.31684    378
1.31684    1.346      212
1.31684    1.37515    173
1.31684    1.4043     106
1.31684    1.43345    76
1.31684    1.4626     26
1.31684    1.49175    10
1.31684    1.5209     9
1.31684    1.55005    6
1.31684    1.57921    3
1.31684    1.69581    4
1.31684    1.72496    5
1.31684    1.75411    1
1.31684    1.78326    4
1.31684    1.81241    30
1.31684    1.84157    3
1.31684    1.87072    28
1.31684    1.89987    19
1.31684    1.92902    40
1.31684    1.95817    34
1.31684    1.98732    31
1.31684    2.01647    27
1.31684    2.04562    82
1.31684    2.07478    20
1.31684    2.10393    68
1.31684    2.13308    71
1.31684    2.16223    43
1.31684    2.19138    86
1.31684    2.22053    56
1.31684    2.24968    35
1.31684    2.27883    13
1.31684    2.30798    24
1.31684    2.33714    51
1.31684    2.36629    49

1.346      0.675519   2096
1.346      0.70467    2661
1.346      0.733821   2819
1.346      0.762972   3813
1.346      0.792123   4103
1.346      0.821275   4712
1.346      0.850426   6027
1.346      0.879577   7701
1.346      0.908728   9578
1.346      0.937879   11192
1.346      0.96703    12567
1.346      0.996182   12869
1.346      1.02533    10865
1.346      1.05448    8405
1.346      1.08364    5614
1.346      1.11279    3901
1.346      1.14194    2390
1.346      1.17109    1791
1.346      1.20024    1223
1.346      1.22939    746
1.346      1.25854    538
1.346      1.28769    312
1.346      1.31684    296
1.346      1.346      222
1.346      1.37515    95
1.346      1.4043     67
1.346      1.43345    27
1.346      1.4626     42
1.346      1.49175    29
1.346      1.5209     2
1.346      1.55005    7
1.346      1.63751    3
1.346      1.66666    16
1.346      1.69581    15
1.346      1.72496    23
1.346      1.75411    2
1.346      1.78326    17
1.346      1.81241    4
1.346      1.84157    15
1.346      1.87072    29
1.346      1.89987    27
1.346      1.92902    38
1.346      1.95817    42
1.346      1.98732    43
1.346      2.01647    58
1.346      2.04562    44
1.346      2.07478    60
1.346      2.10393    44
1.346      2.13308    33
1.346      2.16223    84
1.346      2.19138    9
1.346      2.22053    113
1.346      2.24968    64
1.346      2.27883    70
1.346      2.30798    15
1.346      2.33714    65

1.37515    0.646367   448
1.37515    0.675519   2201
1.37515    0.70467    2356
1.37515    0.733821   2728
1.37515    0.762972   3246
1.37515    0.792123   3762
1.37515    0.821275   4833
1.37515    0.850426   5525
1.37515    0.879577   6474
1.37515    0.908728   8359
1.37515    0.937879   9957
1.37515    0.96703    10795
1.37515    0.996182   12037
1.37515    1.02533    9768
1.37515    1.05448    6942
1.37515    1.08364    4480
1.37515    1.11279    3092
1.37515    1.14194    2248
1.37515    1.17109    1380
1.37515    1.20024    803
1.37515    1.22939    570
1.37515    1.25854    422
1.37515    1.28769    242
1.37515    1.31684    185
1.37515    1.346      82
1.37515    1.37515    47
1.37515    1.4043     32
1.37515    1.43345    16
1.37515    1.4626     5
1.37515    1.57921    3
1.37515    1.60836    6
1.37515    1.63751    10
1.37515    1.66666    30
1.37515    1.69581    10
1.37515    1.72496    29
1.37515    1.75411    9
1.37515    1.78326    14
1.37515    1.81241    41
1.37515    1.84157    41
1.37515    1.87072    41
1.37515    1.89987    65
1.37515    1.92902    27
1.37515    1.95817    84
1.37515    1.98732    51
1.37515    2.01647    64
1.37515    2.04562    91
1.37515    2.07478    94
1.37515    2.10393    20
1.37515    2.13308    38
1.37515    2.16223    110
1.37515    2.19138    21
1.37515    2.22053    77
1.37515    2.24968    129
1.37515    2.27883    25
1.37515    2.30798    51

1.4043     0.646367   1448
1.4043     0.675519   1922
1.4043     0.70467    2254
1.4043     0.733821   2785
1.4043     0.762972   3194
1.4043     0.792123   3430
1.4043     0.821275   3768
1.4043     0.850426   5179
1.4043     0.879577   5714
1.4043     0.908728   7595
1.4043     0.937879   9074
1.4043     0.96703    9791
1.4043     0.996182   9732
1.4043     1.02533    8121
1.4043     1.05448    6094
1.4043     1.08364    4002
1.4043     1.11279    2534
1.4043     1.14194    1725
1.4043     1.17109    996
1.4043     1.20024    706
1.4043     1.22939    581
1.4043     1.25854    263
1.4043     1.28769    218
1.4043     1.31684    115
1.4043     1.346      68
1.4043     1.37515    31
1.4043     1.4043     37
1.4043     1.43345    24
1.4043     1.4626     4
1.4043     1.57921    9
1.4043     1.60836    11
1.4043     1.63751    13
1.4043     1.66666    17
1.4043     1.69581    11
1.4043     1.72496    52
1.4043     1.75411    63
1.4043     1.78326    25
1.4043     1.81241    46
1.4043     1.84157    37
1.4043     1.87072    81
1.4043     1.89987    48
1.4043     1.92902    68
1.4043     1.95817    60
1.4043     1.98732    26
1.4043     2.01647    86
1.4043     2.04562    66
1.4043     2.07478    79
1.4043     2.10393    63
1.4043     2.13308    53
1.4043     2.16223    67
1.4043     2.19138    87
1.4043     2.22053    71
1.4043     2.24968    54
1.4043     2.27883    13

1.43345    0.617216   158
1.43345    0.646367   1634
1.43345    0.675519   1985
1.43345    0.70467    1943
1.43345    0.733821   2254
1.43345    0.762972   2827
1.43345    0.792123   3322
1.43345    0.821275   4022
1.43345    0.850426   4053
1.43345    0.879577   5636
1.43345    0.908728   7011
1.43345    0.937879   8007
1.43345    0.96703    8735
1.43345    0.996182   8301
1.43345    1.02533    6983
1.43345    1.05448    4824
1.43345    1.08364    3118
1.43345    1.11279    2088
1.43345    1.14194    1187
1.43345    1.17109    807
1.43345    1.20024    418
1.43345    1.22939    228
1.43345    1.25854    215
1.43345    1.28769    102
1.43345    1.31684    58
1.43345    1.346      16
1.43345    1.37515    19
1.43345    1.4043     5
1.43345    1.4626     1
1.43345    1.49175    7
1.43345    1.5209     6
1.43345    1.55005    12
1.43345    1.57921    27
1.43345    1.60836    34
1.43345    1.63751    47
1.43345    1.66666    37
1.43345    1.69581    30
1.43345    1.72496    37
1.43345    1.75411    40
1.43345    1.78326    13
1.43345    1.81241    76
1.43345    1.84157    51
1.43345    1.87072    61
1.43345    1.89987    32
1.43345    1.92902    52
1.43345    1.95817    57
1.43345    1.98732    77
1.43345    2.01647    101
1.43345    2.04562    99
1.43345    2.07478    78
1.43345    2.10393    99
1.43345    2.13308    141
1.43345    2.16223    91
1.43345    2.19138    140
1.43345    2.22053    52
1.43345    2.24968    24

1.4626     0.617216   573
1.4626     0.646367   1166
1.4626     0.675519   1950
1.4626     0.70467    2137
1.4626     0.733821   2202
1.4626     0.762972   2702
1.4626     0.792123   2976
1.4626     0.821275   3399
1.4626     0.850426   3772
1.4626     0.879577   4614
1.4626     0.908728   5192
1.4626     0.937879   6263
1.4626     0.96703    7002
1.4626     0.996182   6927
1.4626     1.02533    5571
1.4626     1.05448    3832
1.4626     1.08364    2573
1.4626     1.11279    1518
1.4626     1.14194    928
1.4626     1.17109    607
1.4626     1.20024    321
1.4626     1.22939    171
1.4626     1.25854    126
1.4626     1.28769    65
1.4626     1.31684    36
1.4626     1.346      18
1.4626     1.37515    1
1.4626     1.4043     1
1.4626     1.4626     7
1.4626     1.49175    12
1.4626     1.5209     12
1.4626     1.55005    18
1.4626     1.57921    19
1.4626     1.60836    32
1.4626     1.63751    42
1.4626     1.66666    31
1.4626     1.69581    50
1.4626     1.72496    66
1.4626     1.75411    64
1.4626     1.78326    66
1.4626     1.81241    94
1.4626     1.84157    90
1.4626     1.87072    83
1.4626     1.89987    125
1.4626     1.92902    96
1.4626     1.95817    56
1.4626     1.98732    81
1.4626     2.01647    104
1.4626     2.04562    67
1.4626     2.07478    103
1.4626     2.10393    121
1.4626     2.13308    108
1.4626     2.16223    106
1.4626     2.19138    101
1.4626     2.22053    112
1.4626     2.24968    10

1.49175    0.588065   10
1.49175    0.617216   1170
1.49175    0.646367   1505
1.49175    0.675519   1568
1.49175    0.70467    1766
1.49175    0.733821   2049
1.49175    0.762972   2372
1.49175    0.792123   2463
1.49175    0.821275   2859
1.49175    0.850426   3249
1.49175    0.879577   3929
1.49175    0.908728   5125
1.49175    0.937879   5711
1.49175    0.96703    6312
1.49175    0.996182   5979
1.49175    1.02533    4681
1.49175    1.05448    3160
1.49175    1.08364    2023
1.49175    1.11279    1041
1.49175    1.14194    724
1.49175    1.17109    372
1.49175    1.20024    260
1.49175    1.22939    94
1.49175    1.25854    66
1.49175    1.28769    23
1.49175    1.31684    3
1.49175    1.4043     8
1.49175    1.43345    7
1.49175    1.4626     25
1.49175    1.49175    35
1.49175    1.5209     26
1.49175    1.55005    19
1.49175    1.57921    70
1.49175    1.60836    60
1.49175    1.63751    64
1.49175    1.66666    83
1.49175    1.69581    114
1.49175    1.72496    97
1.49175    1.75411    57
1.49175    1.78326    92
1.49175    1.81241    107
1.49175    1.84157    102
1.49175    1.87072    120
1.49175    1.89987    127
1.49175    1.92902    153
1.49175    1.95817    103
1.49175    1.98732    148
1.49175    2.01647    143
1.49175    2.04562    154
1.49175    2.07478    119
1.49175    2.10393    136
1.49175    2.13308    65
1.49175    2.16223    45
1.49175    2.19138    77
1.49175    2.22053    66

1.5209     0.588065   201
1.5209     0.617216   1305
1.5209     0.646367   1234
1.5209     0.675519   1511
1.5209     0.70467    1481
1.5209     0.733821   1741
1.5209     0.762972   1716
1.5209     0.792123   2323
1.5209     0.821275   2611
1.5209     0.850426   2564
1.5209     0.879577   3649
1.5209     0.908728   4055
1.5209     0.937879   4838
1.5209     0.96703    4784
1.5209     0.996182   4648
1.5209     1.02533    3848
1.5209     1.05448    2314
1.5209     1.08364    1303
1.5209     1.11279    830
1.5209     1.14194    408
1.5209     1.17109    270
1.5209     1.20024    135
1.5209     1.22939    97
1.5209     1.25854    28
1.5209     1.28769    13
1.5209     1.37515    12
1.5209     1.4043     12
1.5209     1.43345    32
1.5209     1.4626     38
1.5209     1.49175    48
1.5209     1.5209     41
1.5209     1.55005    34
1.5209     1.57921    83
1.5209     1.60836    78
1.5209     1.63751    36
1.5209     1.66666    70
1.5209     1.69581    88
1.5209     1.72496    87
1.5209     1.75411    116
1.5209     1.78326    180
1.5209     1.81241    90
1.5209     1.84157    110
1.5209     1.87072    102
1.5209     1.89987    191
1.5209     1.92902    143
1.5209     1.95817    150
1.5209     1.98732    166
1.5209     2.01647    143
1.5209     2.04562    111
1.5209     2.07478    120
1.5209     2.10393    215
1.5209     2.13308    56
1.5209     2.16223    189

1.55005    0.588065   641
1.55005    0.617216   1013
1.55005    0.646367   1216
1.55005    0.675519   1112
1.55005    0.70467    1322
1.55005    0.733821   1695
1.55005    0.762972   1839
1.55005    0.792123   1953
1.55005    0.821275   2380
1.55005    0.850426   2546
1.55005    0.879577   2957
1.55005    0.908728   3389
1.55005    0.937879   3850
1.55005    0.96703    4019
1.55005    0.996182   3880
1.55005    1.02533    2737
1.55005    1.05448    1847
1.55005    1.08364    975
1.55005    1.11279    603
1.55005    1.14194    256
1.55005    1.17109    137
1.55005    1.20024    57
1.55005    1.22939    26
1.55005    1.25854    3
1.55005    1.31684    6
1.55005    1.346      8
1.55005    1.37515    20
1.55005    1.4043     35
1.55005    1.43345    58
1.55005    1.4626     82
1.55005    1.49175    69
1.55005    1.5209     52
1.55005    1.55005    88
1.55005    1.57921    161
1.55005    1.60836    117
1.55005    1.63751    107
1.55005    1.66666    91
1.55005    1.69581    74
1.55005    1.72496    175
1.55005    1.75411    99
1.55005    1.78326    146
1.55005    1.81241    174
1.55005    1.84157    114
1.55005    1.87072    108
1.55005    1.89987    144
1.55005    1.92902    172
1.55005    1.95817    160
1.55005    1.98732    202
1.55005    2.01647    143
1.55005    2.04562    103
1.55005    2.07478    147
1.55005    2.10393    130
1.55005    2.13308    190
1.55005    2.16223    11

1.57921    0.558914   5
1.57921    0.588065   825
1.57921    0.617216   840
1.57921    0.646367   1117
1.57921    0.675519   1091
1.57921    0.70467    1272
1.57921    0.733821   1290
1.57921    0.762972   1705
1.57921    0.792123   1641
1.57921    0.821275   2038
1.57921    0.850426   2461
1.57921    0.879577   2553
1.57921    0.908728   2803
1.57921    0.937879   3146
1.57921    0.96703    3065
1.57921    0.996182   2998
1.57921    1.02533    1715
1.57921    1.05448    1347
1.57921    1.08364    602
1.57921    1.11279    304
1.57921    1.14194    107
1.57921    1.17109    59
1.57921    1.20024    18
1.57921    1.28769    5
1.57921    1.31684    21
1.57921    1.346      26
1.57921    1.37515    44
1.57921    1.4043     34
1.57921    1.43345    73
1.57921    1.4626     120
1.57921    1.49175    76
1.57921    1.5209     90
1.57921    1.55005    89
1.57921    1.57921    87
1.57921    1.60836    115
1.57921    1.63751    104
1.57921    1.66666    170
1.57921    1.69581    121
1.57921    1.72496    157
1.57921    1.75411    185
1.57921    1.78326    142
1.57921    1.81241    168
1.57921    1.84157    147
1.57921    1.87072    149
1.57921    1.89987    226
1.57921    1.92902    205
1.57921    1.95817    220
1.57921    1.98732    118
1.57921    2.01647    106
1.57921    2.04562    213
1.57921    2.07478    103
1.57921    2.10393    44
1.57921    2.13308    8

1.60836    0.558914   213
1.60836    0.588065   1002
1.60836    0.617216   695
1.60836    0.646367   867
1.60836    0.675519   1024
1.60836    0.70467    1308
1.60836    0.733821   1238
1.60836    0.762972   1294
1.60836    0.792123   1352
1.60836    0.821275   1705
1.60836    0.850426   1759
1.60836    0.879577   1957
1.60836    0.908728   2305
1.60836    0.937879   2418
1.60836    0.96703    2438
1.60836    0.996182   2150
1.60836    1.02533    1380
1.60836    1.05448    848
1.60836    1.08364    389
1.60836    1.11279    180
1.60836    1.14194    77
1.60836    1.17109    16
1.60836    1.20024    7
1.60836    1.22939    6
1.60836    1.25854    24
1.60836    1.28769    32
1.60836    1.31684    41
1.60836    1.346      87
1.60836    1.37515    75
1.60836    1.4043     81
1.60836    1.43345    114
1.60836    1.4626     90
1.60836    1.49175    150
1.60836    1.5209     162
1.60836    1.55005    167
1.60836    1.57921    155
1.60836    1.60836    221
1.60836    1.63751    233
1.60836    1.66666    138
1.60836    1.69581    188
1.60836    1.72496    141
1.60836    1.75411    165
1.60836    1.78326    166
1.60836    1.81241    244
1.60836    1.84157    168
1.60836    1.87072    152
1.60836    1.89987    153
1.60836    1.92902    182
1.60836    1.95817    249
1.60836    1.98732    288
1.60836    2.01647    256
1.60836    2.04562    99
1.60836    2.07478    202
1.60836    2.10393    29

1.63751    0.558914   367
1.63751    0.588065   632
1.63751    0.617216   893
1.63751    0.646367   906
1.63751    0.675519   826
1.63751    0.70467    861
1.63751    0.733821   1204
1.63751    0.762972   1486
1.63751    0.792123   1254
1.63751    0.821275   1386
1.63751    0.850426   1681
1.63751    0.879577   1642
1.63751    0.908728   1794
1.63751    0.937879   1819
1.63751    0.96703    1850
1.63751    0.996182   1464
1.63751    1.02533    830
1.63751    1.05448    441
1.63751    1.08364    191
1.63751    1.11279    75
1.63751    1.14194    16
1.63751    1.20024    12
1.63751    1.22939    19
1.63751    1.25854    70
1.63751    1.28769    74
1.63751    1.31684    66
1.63751    1.346      125
1.63751    1.37515    97
1.63751    1.4043     143
1.63751    1.43345    192
1.63751    1.4626     122
1.63751    1.49175    189
1.63751    1.5209     197
1.63751    1.55005    215
1.63751    1.57921    213
1.63751    1.60836    177
1.63751    1.63751    176
1.63751    1.66666    262
1.63751    1.69581    188
1.63751    1.72496    231
1.63751    1.75411    236
1.63751    1.78326    217
1.63751    1.81241    211
1.63751    1.84157    205
1.63751    1.87072    232
1.63751    1.89987    182
1.63751    1.92902    183
1.63751    1.95817    258
1.63751    1.98732    262
1.63751    2.01647    350
1.63751    2.04562    133
1.63751    2.07478    15

1.66666    0.529763   3
1.66666    0.558914   551
1.66666    0.588065   631
1.66666    0.617216   766
1.66666    0.646367   828
1.66666    0.675519   767
1.66666    0.70467    968
1.66666    0.733821   955
1.66666    0.762972   959
1.66666    0.792123   1050
1.66666    0.821275   1094
1.66666    0.850426   1270
1.66666    0.879577   1501
1.66666    0.908728   1460
1.66666    0.937879   1355
1.66666    0.96703    1259
1.66666    0.996182   866
1.66666    1.02533    588
1.66666    1.05448    277
1.66666    1.08364    73
1.66666    1.11279    5
1.66666    1.14194    1
1.66666    1.17109    34
1.66666    1.20024    38
1.66666    1.22939    86
1.66666    1.25854    77
1.66666    1.28769    157
1.66666    1.31684    117
1.66666    1.346      161
1.66666    1.37515    118
1.66666    1.4043     202
1.66666    1.43345    159
1.66666    1.4626     177
1.66666    1.49175    248
1.66666    1.5209     301
1.66666    1.55005    166
1.66666    1.57921    196
1.66666    1.60836    314
1.66666    1.63751    191
1.66666    1.66666    243
1.66666    1.69581    254
1.66666    1.72496    230
1.66666    1.75411    329
1.66666    1.78326    237
1.66666    1.81241    299
1.66666    1.84157    293
1.66666    1.87072    248
1.66666    1.89987    236
1.66666    1.92902    235
1.66666    1.95817    308
1.66666    1.98732    226
1.66666    2.01647    179
1.66666    2.04562    18

1.69581    0.529763   97
1.69581    0.558914   516
1.69581    0.588065   532
1.69581    0.617216   624
1.69581    0.646367   667
1.69581    0.675519   689
1.69581    0.70467    911
1.69581    0.733821   824
1.69581    0.762972   826
1.69581    0.792123   771
1.69581    0.821275   790
1.69581    0.850426   1051
1.69581    0.879577   905
1.69581    0.908728   863
1.69581    0.937879   973
1.69581    0.96703    797
1.69581    0.996182   524
1.69581    1.02533    231
1.69581    1.05448    77
1.69581    1.08364    9
1.69581    1.11279    16
1.69581    1.14194    37
1.69581    1.17109    81
1.69581    1.20024    116
1.69581    1.22939    203
1.69581    1.25854    127
1.69581    1.28769    185
1.69581    1.31684    128
1.69581    1.346      219
1.69581    1.37515    180
1.69581    1.4043     233
1.69581    1.43345    253
1.69581    1.4626     307
1.69581    1.49175    303
1.69581    1.5209     307
1.69581    1.55005    290
1.69581    1.57921    265
1.69581    1.60836    222
1.69581    1.63751    267
1.69581    1.66666    288
1.69581    1.69581    261
1.69581    1.72496    323
1.69581    1.75411    217
1.69581    1.78326    326
1.69581    1.81241    291
1.69581    1.84157    266
1.69581    1.87072    202
1.69581    1.89987    244
1.69581    1.92902    246
1.69581    1.95817    290
1.69581    1.98732    279
1.69581    2.01647    24

1.72496    0.529763   233
1.72496    0.558914   448
1.72496    0.588065   567
1.72496    0.617216   422
1.72496    0.646367   515
1.72496    0.675519   591
1.72496    0.70467    611
1.72496    0.733821   583
1.72496    0.762972   639
1.72496    0.792123   683
1.72496    0.821275   713
1.72496    0.850426   768
1.72496    0.879577   660
1.72496    0.908728   666
1.72496    0.937879   559
1.72496    0.96703    417
1.72496    0.996182   196
1.72496    1.02533    53
1.72496    1.05448    4
1.72496    1.08364    12
1.72496    1.11279    28
1.72496    1.14194    91
1.72496    1.17109    148
1.72496    1.20024    195
1.72496    1.22939    242
1.72496    1.25854    326
1.72496    1.28769    234
1.72496    1.31684    264
1.72496    1.346      225
1.72496    1.37515    280
1.72496    1.4043     331
1.72496    1.43345    335
1.72496    1.4626     334
1.72496    1.49175    324
1.72496    1.5209     357
1.72496    1.55005    364
1.72496    1.57921    402
1.72496    1.60836    321
1.72496    1.63751    242
1.72496    1.66666    244
1.72496    1.69581    285
1.72496    1.72496    323
1.72496    1.75411    370
1.72496    1.78326    423
1.72496    1.81241    341
1.72496    1.84157    367
1.72496    1.87072    220
1.72496    1.89987    275
1.72496    1.92902    269
1.72496    1.95817    189
1.72496    1.98732    61

1.75411    0.529763   323
1.75411    0.558914   337
1.75411    0.588065   608
1.75411    0.617216   583
1.75411    0.646367   530
1.75411    0.675519   508
1.75411    0.70467    533
1.75411    0.733821   533
1.75411    0.762972   439
1.75411    0.792123   552
1.75411    0.821275   652
1.75411    0.850426   718
1.75411    0.879577   484
1.75411    0.908728   408
1.75411    0.937879   337
1.75411    0.96703    146
1.75411    0.996182   85
1.75411    1.02533    5
1.75411    1.05448    39
1.75411    1.08364    80
1.75411    1.11279    152
1.75411    1.14194    184
1.75411    1.17109    228
1.75411    1.20024    277
1.75411    1.22939    359
1.75411    1.25854    293
1.75411    1.28769    347
1.75411    1.31684    371
1.75411    1.346      358
1.75411    1.37515    383
1.75411    1.4043     438
1.75411    1.43345    430
1.75411    1.4626     344
1.75411    1.49175    344
1.75411    1.5209     261
1.75411    1.55005    389
1.75411    1.57921    357
1.75411    1.60836    270
1.75411    1.63751    386
1.75411    1.66666    362
1.75411    1.69581    307
1.75411    1.72496    417
1.75411    1.75411    344
1.75411    1.78326    388
1.75411    1.81241    416
1.75411    1.84157    317
1.75411    1.87072    366
1.75411    1.89987    281
1.75411    1.92902    326
1.75411    1.95817    24

1.78326    0.500612   5
1.78326    0.529763   375
1.78326    0.558914   385
1.78326    0.588065   404
1.78326    0.617216   510
1.78326    0.646367   450
1.78326    0.675519   500
1.78326    0.70467    408
1.78326    0.733821   476
1.78326    0.762972   371
1.78326    0.792123   393
1.78326    0.821275   439
1.78326    0.850426   383
1.78326    0.879577   326
1.78326    0.908728   204
1.78326    0.937879   131
1.78326    0.96703    27
1.78326    0.996182   4
1.78326    1.02533    60
1.78326    1.05448    205
1.78326    1.08364    260
1.78326    1.11279    286
1.78326    1.14194    387
1.78326    1.17109    389
1.78326    1.20024    405
1.78326    1.22939    406
1.78326    1.25854    557
1.78326    1.28769    500
1.78326    1.31684    564
1.78326    1.346      457
1.78326    1.37515    524
1.78326    1.4043     539
1.78326    1.43345    313
1.78326    1.4626     381
1.78326    1.49175    417
1.78326    1.5209     399
1.78326    1.55005    409
1.78326    1.57921    481
1.78326    1.60836    432
1.78326    1.63751    420
1.78326    1.66666    454
1.78326    1.69581    463
1.78326    1.72496    279
1.78326    1.75411    335
1.78326    1.78326    328
1.78326    1.81241    305
1.78326    1.84157    389
1.78326    1.87072    372
1.78326    1.89987    390
1.78326    1.92902    58

1.81241    0.500612   38
1.81241    0.529763   255
1.81241    0.558914   302
1.81241    0.588065   339
1.81241    0.617216   394
1.81241    0.646367   403
1.81241    0.675519   401
1.81241    0.70467    310
1.81241    0.733821   346
1.81241    0.762972   326
1.81241    0.792123   305
1.81241    0.821275   325
1.81241    0.850426   283
1.81241    0.879577   165
1.81241    0.908728   97
1.81241    0.937879   39
1.81241    0.996182   64
1.81241    1.02533    285
1.81241    1.05448    421
1.81241    1.08364    463
1.81241    1.11279    581
1.81241    1.14194    519
1.81241    1.17109    622
1.81241    1.20024    690
1.81241    1.22939    613
1.81241    1.25854    538
1.81241    1.28769    604
1.81241    1.31684    558
1.81241    1.346      628
1.81241    1.37515    512
1.81241    1.4043     512
1.81241    1.43345    541
1.81241    1.4626     434
1.81241    1.49175    570
1.81241    1.5209     471
1.81241    1.55005    528
1.81241    1.57921    438
1.81241    1.60836    504
1.81241    1.63751    470
1.81241    1.66666    498
1.81241    1.69581    541
1.81241    1.72496    528
1.81241    1.75411    447
1.81241    1.78326    513
1.81241    1.81241    434
1.81241    1.84157    412
1.81241    1.87072    433
1.81241    1.89987    109

1.84157    0.500612   114
1.84157    0.529763   265
1.84157    0.558914   346
1.84157    0.588065   239
1.84157    0.617216   357
1.84157    0.646367   292
1.84157    0.675519   372
1.84157    0.70467    257
1.84157    0.733821   327
1.84157    0.762972   239
1.84157    0.792123   169
1.84157    0.821275   164
1.84157    0.850426   110
1.84157    0.879577   79
1.84157    0.908728   11
1.84157    0.937879   8
1.84157    0.96703    87
1.84157    0.996182   251
1.84157    1.02533    399
1.84157    1.05448    646
1.84157    1.08364    792
1.84157    1.11279    765
1.84157    1.14194    736
1.84157    1.17109    795
1.84157    1.20024    646
1.84157    1.22939    903
1.84157    1.25854    828
1.84157    1.28769    706
1.84157    1.31684    681
1.84157    1.346      756
1.84157    1.37515    748
1.84157    1.4043     638
1.84157    1.43345    625
1.84157    1.4626     625
1.84157    1.49175    714
1.84157    1.5209     581
1.84157    1.55005    536
1.84157    1.57921    488
1.84157    1.60836    552
1.84157    1.63751    565
1.84157    1.66666    461
1.84157    1.69581    500
1.84157    1.72496    675
1.84157    1.75411    364
1.84157    1.78326    423
1.84157    1.81241    500
1.84157    1.84157    521
1.84157    1.87072    195

1.87072    0.500612   107
1.87072    0.529763   333
1.87072    0.558914   238
1.87072    0.588065   253
1.87072    0.617216   262
1.87072    0.646367   218
1.87072    0.675519   240
1.87072    0.70467    269
1.87072    0.733821   229
1.87072    0.762972   145
1.87072    0.792123   151
1.87072    0.821275   93
1.87072    0.850426   32
1.87072    0.879577   17
1.87072    0.908728   2
1.87072    0.937879   77
1.87072    0.96703    213
1.87072    0.996182   578
1.87072    1.02533    851
1.87072    1.05448    1142
1.87072    1.08364    1105
1.87072    1.11279    1156
1.87072    1.14194    1159
1.87072    1.17109    1087
1.87072    1.20024    953
1.87072    1.22939    1119
1.87072    1.25854    926
1.87072    1.28769    821
1.87072    1.31684    679
1.87072    1.346      728
1.87072    1.37515    866
1.87072    1.4043     842
1.87072    1.43345    652
1.87072    1.4626     619
1.87072    1.49175    771
1.87072    1.5209     623
1.87072    1.55005    663
1.87072    1.57921    662
1.87072    1.60836    519
1.87072    1.63751    621
1.87072    1.66666    615
1.87072    1.69581    582
1.87072    1.72496    643
1.87072    1.75411    540
1.87072    1.78326    533
1.87072    1.81241    458
1.87072    1.84157    75

1.89987    0.47146    7
1.89987    0.500612   123
1.89987    0.529763   195
1.89987    0.558914   258
1.89987    0.588065   247
1.89987    0.617216   271
1.89987    0.646367   195
1.89987    0.675519   231
1.89987    0.70467    201
1.89987    0.733821   123
1.89987    0.762972   95
1.89987    0.792123   80
1.89987    0.821275   40
1.89987    0.850426   18
1.89987    0.879577   4
1.89987    0.908728   88
1.89987    0.937879   202
1.89987    0.96703    581
1.89987    0.996182   831
1.89987    1.02533    1158
1.89987    1.05448    1756
1.89987    1.08364    1585
1.89987    1.11279    1524
1.89987    1.14194    1397
1.89987    1.17109    1261
1.89987    1.20024    1220
1.89987    1.22939    1233
1.89987    1.25854    1023
1.89987    1.28769    937
1.89987    1.31684    897
1.89987    1.346      901
1.89987    1.37515    818
1.89987    1.4043     863
1.89987    1.43345    816
1.89987    1.4626     909
1.89987    1.49175    659
1.89987    1.5209     801
1.89987    1.55005    714
1.89987    1.57921    665
1.89987    1.60836    709
1.89987    1.63751    573
1.89987    1.66666    719
1.89987    1.69581    632
1.89987    1.72496    544
1.89987    1.75411    545
1.89987    1.78326    546
1.89987    1.81241    64

1.92902    0.47146    32
1.92902    0.500612   146
1.92902    0.529763   115
1.92902    0.558914   244
1.92902    0.588065   185
1.92902    0.617216   284
1.92902    0.646367   154
1.92902    0.675519   148
1.92902    0.70467    144
1.92902    0.733821   81
1.92902    0.762972   82
1.92902    0.792123   37
1.92902    0.821275   10
1.92902    0.850426   5
1.92902    0.879577   33
1.92902    0.908728   152
1.92902    0.937879   473
1.92902    0.96703    841
1.92902    0.996182   1337
1.92902    1.02533    1799
1.92902    1.05448    2171
1.92902    1.08364    1998
1.92902    1.11279    1924
1.92902    1.14194    1781
1.92902    1.17109    1640
1.92902    1.20024    1432
1.92902    1.22939    1568
1.92902    1.25854    1190
1.92902    1.28769    1232
1.92902    1.31684    1058
1.92902    1.346      1103
1.92902    1.37515    986
1.92902    1.4043     1032
1.92902    1.43345    855
1.92902    1.4626     821
1.92902    1.49175    896
1.92902    1.5209     744
1.92902    1.55005    746
1.92902    1.57921    743
1.92902    1.60836    614
1.92902    1.63751    737
1.92902    1.66666    701
1.92902    1.69581    583
1.92902    1.72496    787
1.92902    1.75411    727
1.92902    1.78326    128

1.95817    0.47146    83
1.95817    0.500612   163
1.95817    0.529763   206
1.95817    0.558914   199
1.95817    0.588065   175
1.95817    0.617216   179
1.95817    0.646367   171
1.95817    0.675519   103
1.95817    0.70467    84
1.95817    0.733821   37
1.95817    0.762972   22
1.95817    0.792123   4
1.95817    0.850426   27
1.95817    0.879577   112
1.95817    0.908728   347
1.95817    0.937879   806
1.95817    0.96703    1356
1.95817    0.996182   2048
1.95817    1.02533    2638
1.95817    1.05448    3044
1.95817    1.08364    2822
1.95817    1.11279    2798
1.95817    1.14194    2111
1.95817    1.17109    2138
1.95817    1.20024    1719
1.95817    1.22939    1859
1.95817    1.25854    1386
1.95817    1.28769    1421
1.95817    1.31684    1171
1.95817    1.346      1241
1.95817    1.37515    1297
1.95817    1.4043     1078
1.95817    1.43345    1102
1.95817    1.4626     995
1.95817    1.49175    955
1.95817    1.5209     872
1.95817    1.55005    938
1.95817    1.57921    813
1.95817    1.60836    641
1.95817    1.63751    976
1.95817    1.66666    914
1.95817    1.69581    699
1.95817    1.72496    623
1.95817    1.75411    167

1.98732    0.47146    83
1.98732    0.500612   100
1.98732    0.529763   207
1.98732    0.558914   146
1.98732    0.588065   162
1.98732    0.617216   85
1.98732    0.646367   160
1.98732    0.675519   59
1.98732    0.70467    36
1.98732    0.733821   27
1.98732    0.762972   1
1.98732    0.821275   18
1.98732    0.850426   126
1.98732    0.879577   241
1.98732    0.908728   496
1.98732    0.937879   1091
1.98732    0.96703    2029
1.98732    0.996182   2818
1.98732    1.02533    3607
1.98732    1.05448    3487
1.98732    1.08364    3246
1.98732    1.11279    2761
1.98732    1.14194    2537
1.98732    1.17109    2443
1.98732    1.20024    1967
1.98732    1.22939    1931
1.98732    1.25854    1674
1.98732    1.28769    1546
1.98732    1.31684    1365
1.98732    1.346      1400
1.98732    1.37515    1369
1.98732    1.4043     971
1.98732    1.43345    1304
1.98732    1.4626     1048
1.98732    1.49175    1130
1.98732    1.5209     1013
1.98732    1.55005    906
1.98732    1.57921    968
1.98732    1.60836    853
1.98732    1.63751    956
1.98732    1.66666    802
1.98732    1.69581    950
1.98732    1.72496    140

2.01647    0.47146    106
2.01647    0.500612   146
2.01647    0.529763   173
2.01647    0.558914   92
2.01647    0.588065   155
2.01647    0.617216   77
2.01647    0.646367   76
2.01647    0.675519   51
2.01647    0.70467    3
2.01647    0.733821   7
2.01647    0.762972   1
2.01647    0.792123   4
2.01647    0.821275   50
2.01647    0.850426   165
2.01647    0.879577   425
2.01647    0.908728   826
2.01647    0.937879   1455
2.01647    0.96703    2739
2.01647    0.996182   3594
2.01647    1.02533    3996
2.01647    1.05448    4317
2.01647    1.08364    4107
2.01647    1.11279    3742
2.01647    1.14194    3063
2.01647    1.17109    2784
2.01647    1.20024    2664
2.01647    1.22939    2286
2.01647    1.25854    2127
2.01647    1.28769    1920
2.01647    1.31684    1783
2.01647    1.346      1554
2.01647    1.37515    1450
2.01647    1.4043     1494
2.01647    1.43345    1291
2.01647    1.4626     1232
2.01647    1.49175    1106
2.01647    1.5209     1243
2.01647    1.55005    825
2.01647    1.57921    990
2.01647    1.60836    917
2.01647    1.63751    962
2.01647    1.66666    680
2.01647    1.69581    106

2.04562    0.47146    97
2.04562    0.500612   87
2.04562    0.529763   72
2.04562    0.558914   106
2.04562    0.588065   67
2.04562    0.617216   57
2.04562    0.646367   67
2.04562    0.675519   18
2.04562    0.70467    6
2.04562    0.792123   40
2.04562    0.821275   89
2.04562    0.850426   253
2.04562    0.879577   566
2.04562    0.908728   1196
2.04562    0.937879   1953
2.04562    0.96703    3056
2.04562    0.996182   4706
2.04562    1.02533    5568
2.04562    1.05448    5442
2.04562    1.08364    4754
2.04562    1.11279    4421
2.04562    1.14194    3463
2.04562    1.17109    3264
2.04562    1.20024    2741
2.04562    1.22939    2337
2.04562    1.25854    2169
2.04562    1.28769    2185
2.04562    1.31684    1798
2.04562    1.346      1647
2.04562    1.37515    1689
2.04562    1.4043     1473
2.04562    1.43345    1642
2.04562    1.4626     1212
2.04562    1.49175    1201
2.04562    1.5209     1295
2.04562    1.55005    1101
2.04562    1.57921    974
2.04562    1.60836    1106
2.04562    1.63751    994
2.04562    1.66666    151

2.07478    0.47146    115
2.07478    0.500612   73
2.07478    0.529763   108
2.07478    0.558914   34
2.07478    0.588065   45
2.07478    0.617216   54
2.07478    0.646367   24
2.07478    0.675519   5
2.07478    0.762972   48
2.07478    0.792123   84
2.07478    0.821275   215
2.07478    0.850426   431
2.07478    0.879577   778
2.07478    0.908728   1452
2.07478    0.937879   2822
2.07478    0.96703    4326
2.07478    0.996182   5851
2.07478    1.02533    6793
2.07478    1.05448    6591
2.07478    1.08364    5423
2.07478    1.11279    5310
2.07478    1.14194    4105
2.07478    1.17109    3609
2.07478    1.20024    3396
2.07478    1.22939    2646
2.07478    1.25854    2518
2.07478    1.28769    2227
2.07478    1.31684    2136
2.07478    1.346      2027
2.07478    1.37515    1897
2.07478    1.4043     1771
2.07478    1.43345    1715
2.07478    1.4626     1277
2.07478    1.49175    1409
2.07478    1.5209     1499
2.07478    1.55005    1520
2.07478    1.57921    1236
2.07478    1.60836    1148
2.07478    1.63751    147

2.10393    0.442309   16
2.10393    0.47146    77
2.10393    0.500612   80
2.10393    0.529763   74
2.10393    0.558914   74
2.10393    0.588065   40
2.10393    0.617216   28
2.10393    0.646367   14
2.10393    0.733821   15
2.10393    0.762972   63
2.10393    0.792123   145
2.10393    0.821275   355
2.10393    0.850426   632
2.10393    0.879577   1125
2.10393    0.908728   2039
2.10393    0.937879   3189
2.10393    0.96703    5394
2.10393    0.996182   7144
2.10393    1.02533    8176
2.10393    1.05448    7352
2.10393    1.08364    6440
2.10393    1.11279    6187
2.10393    1.14194    4739
2.10393    1.17109    4216
2.10393    1.20024    3429
2.10393    1.22939    3064
2.10393    1.25854    2778
2.10393    1.28769    2924
2.10393    1.31684    2082
2.10393    1.346      2217
2.10393    1.37515    1965
2.10393    1.4043     1912
2.10393    1.43345    1856
2.10393    1.4626     1538
2.10393    1.49175    1757
2.10393    1.5209     1350
2.10393    1.55005    1358
2.10393    1.57921    1086
2.10393    1.60836    128

2.13308    0.442309   29
2.13308    0.47146    33
2.13308    0.500612   35
2.13308    0.529763   103
2.13308    0.558914   41
2.13308    0.588065   46
2.13308    0.617216   18
2.13308    0.646367   11
2.13308    0.70467    24
2.13308    0.733821   29
2.13308    0.762972   71
2.13308    0.792123   253
2.13308    0.821275   455
2.13308    0.850426   975
2.13308    0.879577   1445
2.13308    0.908728   2577
2.13308    0.937879   4275
2.13308    0.96703    6112
2.13308    0.996182   8698
2.13308    1.02533    10104
2.13308    1.05448    8833
2.13308    1.08364    7722
2.13308    1.11279    6768
2.13308    1.14194    5727
2.13308    1.17109    4787
2.13308    1.20024    4270
2.13308    1.22939    3997
2.13308    1.25854    3254
2.13308    1.28769    2715
2.13308    1.31684    2469
2.13308    1.346      2283
2.13308    1.37515    2316
2.13308    1.4043     2328
2.13308    1.43345    2011
2.13308    1.4626     1915
2.13308    1.49175    1522
2.13308    1.5209     1610
2.13308    1.55005    1140
2.13308    1.57921    212

2.16223    0.442309   26
2.16223    0.47146    27
2.16223    0.500612   76
2.16223    0.529763   22
2.16223    0.558914   18
2.16223    0.588065   16
2.16223    0.646367   5
2.16223    0.675519   10
2.16223    0.70467    10
2.16223    0.733821   42
2.16223    0.762972   148
2.16223    0.792123   365
2.16223    0.821275   656
2.16223    0.850426   1064
2.16223    0.879577   1917
2.16223    0.908728   3219
2.16223    0.937879   5134
2.16223    0.96703    7926
2.16223    0.996182   9561
2.16223    1.02533    10789
2.16223    1.05448    10385
2.16223    1.08364    8961
2.16223    1.11279    7006
2.16223    1.14194    6087
2.16223    1.17109    5333
2.16223    1.20024    4307
2.16223    1.22939    3933
2.16223    1.25854    3789
2.16223    1.28769    3170
2.16223    1.31684    2506
2.16223    1.346      2563
2.16223    1.37515    2217
2.16223    1.4043     2007
2.16223    1.43345    2063
2.16223    1.4626     1886
2.16223    1.49175    1699
2.16223    1.5209     1426
2.16223    1.55005    218

2.19138    0.442309   21
2.19138    0.47146    63
2.19138    0.500612   49
2.19138    0.529763   35
2.19138    0.558914   37
2.19138    0.588065   4
2.19138    0.675519   17
2.19138    0.70467    33
2.19138    0.733821   107
2.19138    0.762972   236
2.19138    0.792123   472
2.19138    0.821275   899
2.19138    0.850426   1452
2.19138    0.879577   2339
2.19138    0.908728   3692
2.19138    0.937879   6023
2.19138    0.96703    8598
2.19138    0.996182   11366
2.19138    1.02533    12123
2.19138    1.05448    11393
2.19138    1.08364    10039
2.19138    1.11279    7939
2.19138    1.14194    7468
2.19138    1.17109    6419
2.19138    1.20024    5208
2.19138    1.22939    4646
2.19138    1.25854    4042
2.19138    1.28769    3534
2.19138    1.31684    3013
2.19138    1.346      2568
2.19138    1.37515    2825
2.19138    1.4043     2249
2.19138    1.43345    2144
2.19138    1.4626     2092
2.19138    1.49175    1813
2.19138    1.5209     215

2.22053    0.442309   22
2.22053    0.47146    13
2.22053    0.500612   16
2.22053    0.529763   38
2.22053    0.558914   5
2.22053    0.588065   11
2.22053    0.617216   2
2.22053    0.646367   3
2.22053    0.675519   33
2.22053    0.70467    100
2.22053    0.733821   198
2.22053    0.762972   378
2.22053    0.792123   668
2.22053    0.821275   965
2.22053    0.850426   1736
2.22053    0.879577   2970
2.22053    0.908728   4507
2.22053    0.937879   6806
2.22053    0.96703    9934
2.22053    0.996182   13276
2.22053    1.02533    13464
2.22053    1.05448    13528
2.22053    1.08364    10454
2.22053    1.11279    9237
2.22053    1.14194    7686
2.22053    1.17109    6303
2.22053    1.20024    5906
2.22053    1.22939    4745
2.22053    1.25854    4163
2.22053    1.28769    3840
2.22053    1.31684    3226
2.22053    1.346      2892
2.22053    1.37515    2750
2.22053    1.4043     2766
2.22053    1.43345    2311
2.22053    1.4626     1761
2.22053    1.49175    217

2.24968    0.442309   17
2.24968    0.47146    33
2.24968    0.500612   18
2.24968    0.529763   17
2.24968    0.558914   7
2.24968    0.646367   26
2.24968    0.675519   90
2.24968    0.70467    110
2.24968    0.733821   221
2.24968    0.762972   467
2.24968    0.792123   793
2.24968    0.821275   1337
2.24968    0.850426   1911
2.24968    0.879577   3096
2.24968    0.908728   4951
2.24968    0.937879   8044
2.24968    0.96703    12649
2.24968    0.996182   14143
2.24968    1.02533    15999
2.24968    1.05448    15151
2.24968    1.08364    12639
2.24968    1.11279    10151
2.24968    1.14194    8840
2.24968    1.17109    6937
2.24968    1.20024    5915
2.24968    1.22939    5086
2.24968    1.25854    4613
2.24968    1.28769    3881
2.24968    1.31684    3813
2.24968    1.346      3217
2.24968    1.37515    2981
2.24968    1.4043     2775
2.24968    1.43345    2364
2.24968    1.4626     196

2.27883    0.413158   3
2.27883    0.442309   18
2.27883    0.47146    8
2.27883    0.500612   15
2.27883    0.529763   12
2.27883    0.617216   5
2.27883    0.646367   21
2.27883    0.675519   59
2.27883    0.70467    123
2.27883    0.733821   375
2.27883    0.762972   498
2.27883    0.792123   1038
2.27883    0.821275   1416
2.27883    0.850426   2505
2.27883    0.879577   3943
2.27883    0.908728   6064
2.27883    0.937879   9253
2.27883    0.96703    12283
2.27883    0.996182   16652
2.27883    1.02533    16781
2.27883    1.05448    16553
2.27883    1.08364    14552
2.27883    1.11279    10585
2.27883    1.14194    8933
2.27883    1.17109    8080
2.27883    1.20024    6086
2.27883    1.22939    5868
2.27883    1.25854    4911
2.27883    1.28769    4107
2.27883    1.31684    3907
2.27883    1.346      3526
2.27883    1.37515    3347
2.27883    1.4043     2170
2.27883    1.43345    304

2.30798    0.442309   2
2.30798    0.47146    5
2.30798    0.588065   4
2.30798    0.617216   17
2.30798    0.646367   54
2.30798    0.675519   101
2.30798    0.70467    183
2.30798    0.733821   421
2.30798    0.762972   717
2.30798    0.792123   1165
2.30798    0.821275   1741
2.30798    0.850426   2767
2.30798    0.879577   4699
2.30798    0.908728   6778
2.30798    0.937879   10163
2.30798    0.96703    14356
2.30798    0.996182   19812
2.30798    1.02533    19436
2.30798    1.05448    18972
2.30798    1.08364    15863
2.30798    1.11279    13033
2.30798    1.14194    9830
2.30798    1.17109    8579
2.30798    1.20024    7490
2.30798    1.22939    5849
2.30798    1.25854    5519
2.30798    1.28769    4818
2.30798    1.31684    4336
2.30798    1.346      4162
2.30798    1.37515    2758
2.30798    1.4043     175

2.33714    0.442309   12
2.33714    0.47146    3
2.33714    0.588065   11
2.33714    0.617216   62
2.33714    0.646367   92
2.33714    0.675519   156
2.33714    0.70467    323
2.33714    0.733821   484
2.33714    0.762972   925
2.33714    0.792123   1260
2.33714    0.821275   1929
2.33714    0.850426   3238
2.33714    0.879577   4739
2.33714    0.908728   7778
2.33714    0.937879   11248
2.33714    0.96703    16812
2.33714    0.996182   19945
2.33714    1.02533    21958
2.33714    1.05448    18820
2.33714    1.08364    17332
2.33714    1.11279    13190
2.33714    1.14194    11095
2.33714    1.17109    8952
2.33714    1.20024    7747
2.33714    1.22939    6625
2.33714    1.25854    6623
2.33714    1.28769    5576
2.33714    1.31684    4448
2.33714    1.346      3205
2.33714    1.37515    214

2.36629    0.413158   11
2.36629    0.442309   1
2.36629    0.47146    14
2.36629    0.558914   10
2.36629    0.588065   41
2.36629    0.617216   22
2.36629    0.646367   109
2.36629    0.675519   274
2.36629    0.70467    411
2.36629    0.733821   676
2.36629    0.762972   889
2.36629    0.792123   1588
2.36629    0.821275   2482
2.36629    0.850426   3549
2.36629    0.879577   6171
2.36629    0.908728   8740
2.36629    0.937879   13441
2.36629    0.96703    18703
2.36629    0.996182   24523
2.36629    1.02533    24114
2.36629    1.05448    21727
2.36629    1.08364    18041
2.36629    1.11279    14686
2.36629    1.14194    12064
2.36629    1.17109    10448
2.36629    1.20024    9042
2.36629    1.22939    7333
2.36629    1.25854    6519
2.36629    1.28769    5329
2.36629    1.31684    3406
2.36629    1.346      189

2.39544    0.500612   1
2.39544    0.558914   18
2.39544    0.588065   39
2.39544    0.617216   82
2.39544    0.646367   223
2.39544    0.675519   304
2.39544    0.70467    415
2.39544    0.733821   711
2.39544    0.762972   1045
2.39544    0.792123   1591
2.39544    0.821275   2719
2.39544    0.850426   4630
2.39544    0.879577   6069
2.39544    0.908728   10291
2.39544    0.937879   15038
2.39544    0.96703    21071
2.39544    0.996182   26133
2.39544    1.02533    25940
2.39544    1.05448    24566
2.39544    1.08364    19997
2.39544    1.11279    16061
2.39544    1.14194    13748
2.39544    1.17109    11745
2.39544    1.20024    9442
2.39544    1.22939    8400
2.39544    1.25854    6923
2.39544    1.28769    3805
2.39544    1.31684    123

2.42459    0.529763   18
2.42459    0.558914   15
2.42459    0.588065   36
2.42459    0.617216   116
2.42459    0.646367   184
2.42459    0.675519   323
2.42459    0.70467    509
2.42459    0.733821   920
2.42459    0.762972   1460
2.42459    0.792123   2111
2.42459    0.821275   3326
2.42459    0.850426   4394
2.42459    0.879577   7145
2.42459    0.908728   11150
2.42459    0.937879   16387
2.42459    0.96703    22640
2.42459    0.996182   29311
2.42459    1.02533    30345
2.42459    1.05448    24792
2.42459    1.08364    22492
2.42459    1.11279    18495
2.42459    1.14194    14966
2.42459    1.17109    12385
2.42459    1.20024    10060
2.42459    1.22939    8747
2.42459    1.25854    4945
2.42459    1.28769    68

2.45374    0.413158   2
2.45374    0.442309   4
2.45374    0.500612   3
2.45374    0.529763   4
2.45374    0.558914   8
2.45374    0.588065   90
2.45374    0.617216   166
2.45374    0.646367   216
2.45374    0.675519   348
2.45374    0.70467    646
2.45374    0.733821   833
2.45374    0.762972   1526
2.45374    0.792123   2547
2.45374    0.821275   3459
2.45374    0.850426   5846
2.45374    0.879577   7780
2.45374    0.908728   12241
2.45374    0.937879   18183
2.45374    0.96703    24475
2.45374    0.996182   29897
2.45374    1.02533    30240
2.45374    1.05448    28569
2.45374    1.08364    23390
2.45374    1.11279    20696
2.45374    1.14194    16308
2.45374    1.17109    12679
2.45374    1.20024    10480
2.45374    1.22939    5775
2.45374    1.25854    103

2.48289    0.442309   5
2.48289    0.500612   7
2.48289    0.558914   80
2.48289    0.588065   113
2.48289    0.617216   199
2.48289    0.646367   345
2.48289    0.675519   536
2.48289    0.70467    873
2.48289    0.733821   1293
2.48289    0.762972   2031
2.48289    0.792123   2807
2.48289    0.821275   3889
2.48289    0.850426   6144
2.48289    0.879577   8926
2.48289    0.908728   13891
2.48289    0.937879   20003
2.48289    0.96703    27309
2.48289    0.996182   34347
2.48289    1.02533    36355
2.48289    1.05448    30320
2.48289    1.08364    26349
2.48289    1.11279    22148
2.48289    1.14194    15608
2.48289    1.17109    13255
2.48289    1.20024    6613
2.48289    1.22939    17

2.51204    0.500612   7
2.51204    0.529763   17
2.51204    0.558914   84
2.51204    0.588065   165
2.51204    0.617216   215
2.51204    0.646367   328
2.51204    0.675519   606
2.51204    0.70467    867
2.51204    0.733821   1499
2.51204    0.762972   1883
2.51204    0.792123   2956
2.51204    0.821275   4080
2.51204    0.850426   6169
2.51204    0.879577   9415
2.51204    0.908728   14316
2.51204    0.937879   22547
2.51204    0.96703    30457
2.51204    0.996182   36417
2.51204    1.02533    37973
2.51204    1.05448    32869
2.51204    1.08364    28313
2.51204    1.11279    22364
2.51204    1.14194    17389
2.51204    1.17109    7082
2.51204    1.20024    21

2.54119    0.500612   11
2.54119    0.529763   43
2.54119    0.558914   70
2.54119    0.588065   151
2.54119    0.617216   329
2.54119    0.646367   406
2.54119    0.675519   611
2.54119    0.70467    991
2.54119    0.733821   1529
2.54119    0.762972   2224
2.54119    0.792123   3332
2.54119    0.821275   4803
2.54119    0.850426   6816
2.54119    0.879577   9939
2.54119    0.908728   15261
2.54119    0.937879   24931
2.54119    0.96703    31194
2.54119    0.996182   40190
2.54119    1.02533    40725
2.54119    1.05448    35415
2.54119    1.08364    30194
2.54119    1.11279    22856
2.54119    1.14194    8074

2.57035    0.47146    6
2.57035    0.500612   4
2.57035    0.529763   64
2.57035    0.558914   51
2.57035    0.588065   188
2.57035    0.617216   355
2.57035    0.646367   519
2.57035    0.675519   712
2.57035    0.70467    1217
2.57035    0.733821   1701
2.57035    0.762972   2536
2.57035    0.792123   3382
2.57035    0.821275   5550
2.57035    0.850426   7696
2.57035    0.879577   10885
2.57035    0.908728   16042
2.57035    0.937879   25259
2.57035    0.96703    34023
2.57035    0.996182   42333
2.57035    1.02533    44313
2.57035    1.05448    39574
2.57035    1.08364    32613
2.57035    1.11279    9467

2.5995     0.500612   34
2.5995     0.529763   73
2.5995     0.558914   129
2.5995     0.588065   192
2.5995     0.617216   315
2.5995     0.646367   532
2.5995     0.675519   820
2.5995     0.70467    1151
2.5995     0.733821   1853
2.5995     0.762972   2884
2.5995     0.792123   4184
2.5995     0.821275   5854
2.5995     0.850426   8724
2.5995     0.879577   13094
2.5995     0.908728   18177
2.5995     0.937879   28003
2.5995     0.96703    37713
2.5995     0.996182   47027
2.5995     1.02533    44546
2.5995     1.05448    40713
2.5995     1.08364    9966

2.62865    0.47146    9
2.62865    0.500612   48
2.62865    0.529763   53
2.62865    0.558914   85
2.62865    0.588065   241
2.62865    0.617216   445
2.62865    0.646367   657
2.62865    0.675519   717
2.62865    0.70467    1256
2.62865    0.733821   2179
2.62865    0.762972   3343
2.62865    0.792123   4545
2.62865    0.821275   6531
2.62865    0.850426   9551
2.62865    0.879577   13473
2.62865    0.908728   19401
2.62865    0.937879   28570
2.62865    0.96703    40781
2.62865    0.996182   47990
2.62865    1.02533    46187
2.62865    1.05448    9664

2.6578     0.442309   4
2.6578     0.47146    15
2.6578     0.500612   19
2.6578     0.529763   75
2.6578     0.558914   191
2.6578     0.588065   273
2.6578     0.617216   419
2.6578     0.646367   794
2.6578     0.675519   1045
2.6578     0.70467    1765
2.6578     0.733821   2139
2.6578     0.762972   3207
2.6578     0.792123   4633
2.6578     0.821275   6763
2.6578     0.850426   9385
2.6578     0.879577   15910
2.6578     0.908728   22497
2.6578     0.937879   32313
2.6578     0.96703    43888
2.6578     0.996182   45551
2.6578     1.02533    9814

2.68695    0.442309   6
2.68695    0.47146    17
2.68695    0.500612   43
2.68695    0.529763   118
2.68695    0.558914   222
2.68695    0.588065   259
2.68695    0.617216   629
2.68695    0.646367   836
2.68695    0.675519   1012
2.68695    0.70467    1631
2.68695    0.733821   2657
2.68695    0.762972   3924
2.68695    0.792123   4830
2.68695    0.821275   7600
2.68695    0.850426   11310
2.68695    0.879577   17049
2.68695    0.908728   21747
2.68695    0.937879   34090
2.68695    0.96703    38121
2.68695    0.996182   5864

2.7161     0.442309   15
2.7161     0.47146    25
2.7161     0.500612   76
2.7161     0.529763   141
2.7161     0.558914   298
2.7161     0.588065   247
2.7161     0.617216   687
2.7161     0.646367   971
2.7161     0.675519   1363
2.7161     0.70467    2156
2.7161     0.733821   2897
2.7161     0.762972   3871
2.7161     0.792123   5942
2.7161     0.821275   7466
2.7161     0.850426   11842
2.7161     0.879577   17929
2.7161     0.908728   25613
2.7161     0.937879   25975
2.7161     0.96703    2560

2.74525    0.442309   44
2.74525    0.47146    83
2.74525    0.500612   73
2.74525    0.529763   158
2.74525    0.558914   299
2.74525    0.588065   395
2.74525    0.617216   762
2.74525    0.646367   1021
2.74525    0.675519   1473
2.74525    0.70467    2173
2.74525    0.733821   2907
2.74525    0.762972   4443
2.74525    0.792123   5923
2.74525    0.821275   8288
2.74525    0.850426   12427
2.74525    0.879577   18129
2.74525    0.908728   16648
2.74525    0.937879   592

2.7744     0.442309   25
2.7744     0.47146    54
2.7744     0.500612   61
2.7744     0.529763   183
2.7744     0.558914   336
2.7744     0.588065   444
2.7744     0.617216   751
2.7744     0.646367   1046
2.7744     0.675519   1595
2.7744     0.70467    2276
2.7744     0.733821   3268
2.7744     0.762972   4802
2.7744     0.792123   7009
2.7744     0.821275   9371
2.7744     0.850426   14925
2.7744     0.879577   9124
2.7744     0.908728   75

2.80356    0.442309   38
2.80356    0.47146    73
2.80356    0.500612   116
2.80356    0.529763   194
2.80356    0.558914   457
2.80356    0.588065   562
2.80356    0.617216   998
2.80356    0.646367   1317
2.80356    0.675519   1751
2.80356    0.70467    2635
2.80356    0.733821   3765
2.80356    0.762972   5170
2.80356    0.792123   6820
2.80356    0.821275   9399
2.80356    0.850426   3999

2.83271    0.413158   2
2.83271    0.47146    20
2.83271    0.500612   65
2.83271    0.529763   175
2.83271    0.558914   276
2.83271    0.588065   510
2.83271    0.617216   1100
2.83271    0.646367   1422
2.83271    0.675519   1811
2.83271    0.70467    2638
2.83271    0.733821   3633
2.83271    0.762972   5328
2.83271    0.792123   6662
2.83271    0.821275   1976

2.86186    0.442309   3
2.86186    0.47146    82
2.86186    0.500612   99
2.86186    0.529763   290
2.86186    0.558914   425
2.86186    0.588065   757
2.86186    0.617216   861
2.86186    0.646367   1446
2.86186    0.675519   1899
2.86186    0.70467    3260
2.86186    0.733821   3923
2.86186    0.762972   3558
2.86186    0.792123   774

2.89101    0.442309   5
2.89101    0.47146    63
2.89101    0.500612   166
2.89101    0.529763   269
2.89101    0.558914   638
2.89101    0.588065   910
2.89101    0.617216   1214
2.89101    0.646367   1469
2.89101    0.675519   2428
2.89101    0.70467    3039
2.89101    0.733821   2086
2.89101    0.762972   27

2.92016    0.442309   32
2.92016    0.47146    118
2.92016    0.500612   179
2.92016    0.529763   383
2.92016    0.558914   565
2.92016    0.588065   798
2.92016    0.617216   1418
2.92016    0.646367   1651
2.92016    0.675519   2135
2.92016    0.70467    646

2.94931    0.442309   27
2.94931    0.47146    140
2.94931    0.500612   117
2.94931    0.529763   332
2.94931    0.558914   607
2.94931    0.588065   1127
2.94931    0.617216   1125
2.94931    0.646367   912
2.94931    0.675519   48

